ID;OBJECTID;CHANGEID;CHANGEIDEND;TYPEID;VALUE;UPDATEDATE;STARTDATE;ENDDATE
641905775;95674999;139363375;689634204;8;64:48:000000:10595;2025-09-29;2020-02-19;2025-09-29
1348143499;74222442;477382831;689786968;8;64:05:240201:144;2025-10-01;2022-11-23;2025-10-01
1348147885;2463782;477386725;689753091;8;64:05:120102:118;2025-09-30;2022-11-23;2025-09-30
1348196613;79760012;477430257;689682235;8;64:22:141020:124;2025-09-29;2022-11-23;2025-09-29
1348266925;28125936;477492396;689686277;8;64:33:070201:193;2025-09-29;2022-11-23;2025-09-29
1348314664;79386195;477540135;689821576;8;64:41:410806:150;2025-10-01;2022-11-23;2025-10-01
1348956396;54029295;478181779;689752263;8;64:15:210401:1033;2025-09-30;2022-11-23;2025-09-30
1348957172;53808060;478182561;689637748;8;64:21:090309:127;2025-09-29;2022-11-23;2025-09-29
1348957362;21082554;478182751;689638144;8;64:21:070102:235;2025-09-29;2022-11-23;2025-09-29
69350052;10169172;16751036;689756587;15;61;2025-09-30;2011-12-31;2025-09-30
215823129;37124000;56334651;689747427;8;64:16:040301:541;2025-09-30;1900-01-01;2025-09-30
1484036621;9533014;574740268;689682102;8;64:22:013801:1690;2025-09-29;2023-11-20;2025-09-29
727375147;101720393;195806165;689634202;8;64:48:030227:290;2025-09-29;2021-06-30;2025-09-29
1494151834;19769634;582337765;689637771;8;64:21:090310:136;2025-09-29;2024-01-04;2025-09-29
1494163715;17604523;582349645;689750526;8;64:05:000000:15479;2025-09-30;2024-01-04;2025-09-30
1502968603;63704730;589781205;689633503;8;64:15:240501:870;2025-09-29;2024-02-13;2025-09-29
1502968001;48756724;589780607;689749025;8;64:15:130701:672;2025-09-30;2024-02-13;2025-09-30
1502968619;13461080;589781226;689720198;8;64:15:130701:676;2025-09-30;2024-02-13;2025-09-30
1502968734;14384633;589781344;689633507;8;64:15:240501:967;2025-09-29;2024-02-13;2025-09-29
1502969493;32219094;589782101;689784019;8;64:15:100901:522;2025-10-01;2024-02-13;2025-10-01
1502970333;7587736;589782940;689750453;8;64:05:130106:156;2025-09-30;2024-02-13;2025-09-30
1502971872;45001000;589784440;689638118;8;64:21:070106:159;2025-09-29;2024-02-13;2025-09-29
1502972558;74914607;589785052;689753289;8;64:05:110802:90;2025-09-30;2024-02-13;2025-09-30
1502973131;72588967;589785582;689644797;8;64:05:020601:658;2025-09-29;2024-02-13;2025-09-29
1511660201;70934445;594533697;689750429;8;64:05:130709:122;2025-09-30;2024-05-06;2025-09-30
1543740993;30845203;607054874;689751936;8;64:33:030103:1723;2025-09-30;2024-11-13;2025-09-30
1643586715;37905400;689379936;689784308;8;64:21:130706:593;2025-10-01;2025-09-23;2025-10-01
1643586720;37901172;689379942;689784329;8;64:21:130706:2010;2025-10-01;2025-09-23;2025-10-01
1643586731;47318614;689379953;689819612;8;64:21:130706:2039;2025-10-01;2025-09-23;2025-10-01
1643586746;61929094;689379959;689819621;8;64:21:130706:2062;2025-10-01;2025-09-23;2025-10-01
305529174;54032602;80869464;689631982;15;3;2025-09-29;2018-10-15;2025-09-29
1644405481;54032602;689631982;0;13;636504401610187000420004000000010;2025-09-29;2025-09-29;2079-06-06
363023636;64612718;96390663;689632037;8;64:33:010102:827;2025-09-29;2017-01-23;2025-09-29
1494154059;50648508;582339990;689632039;8;64:33:010102:520;2025-09-29;2024-01-04;2025-09-29
1644405979;174913133;689632100;0;1;6439;2025-09-29;2025-09-29;2079-06-06
1644405981;174913133;689632100;0;6;63223000165;2025-09-29;2025-09-29;2079-06-06
1644405983;174913133;689632100;0;8;64:17:190701:275;2025-09-29;2025-09-29;2079-06-06
1644405864;174913122;689632040;0;2;6449;2025-09-29;2025-09-29;2079-06-06
1644405866;174913122;689632040;0;7;63644158051;2025-09-29;2025-09-29;2079-06-06
1644405868;174913122;689632040;0;15;23;2025-09-29;2025-09-29;2079-06-06
1644405870;174913122;689632040;0;21;63644158;2025-09-29;2025-09-29;2079-06-06
1644405886;174913124;689632048;0;6;63244558000;2025-09-29;2025-09-29;2079-06-06
1644405888;174913124;689632048;0;8;64:33:010102:1706;2025-09-29;2025-09-29;2079-06-06
1644405890;174913124;689632048;0;2;6449;2025-09-29;2025-09-29;2079-06-06
1644405892;174913124;689632048;0;13;636441580510000003520046000000000;2025-09-29;2025-09-29;2079-06-06
1644405895;174913125;689632050;0;1;6449;2025-09-29;2025-09-29;2079-06-06
1644405897;174913125;689632050;0;6;63244558000;2025-09-29;2025-09-29;2079-06-06
1644405899;174913125;689632050;0;8;64:33:010102:1737;2025-09-29;2025-09-29;2079-06-06
1644405901;174913125;689632050;0;13;636441580510000003520047000000000;2025-09-29;2025-09-29;2079-06-06
1644405998;174913135;689632103;0;1;6439;2025-09-29;2025-09-29;2079-06-06
1644406000;174913135;689632103;0;6;63223000165;2025-09-29;2025-09-29;2079-06-06
1644406002;174913135;689632103;0;8;64:17:190701:206;2025-09-29;2025-09-29;2079-06-06
1644406004;174913135;689632103;0;13;636231011210000000520021000000000;2025-09-29;2025-09-29;2079-06-06
1644406016;74544387;689632105;0;8;64:17:190701:303;2025-09-29;2025-09-29;2079-06-06
1644406039;53642139;689632115;0;8;64:17:190701:223;2025-09-29;2025-09-29;2079-06-06
1644406042;174913139;689632117;0;2;6439;2025-09-29;2025-09-29;2079-06-06
1644406044;174913139;689632117;0;7;63623101121;2025-09-29;2025-09-29;2079-06-06
1644406046;174913139;689632117;0;15;16;2025-09-29;2025-09-29;2079-06-06
1644406048;174913139;689632117;0;21;63623101;2025-09-29;2025-09-29;2079-06-06
1644405984;174913133;689632100;0;15;33;2025-09-29;2025-09-29;2079-06-06
1644405986;174913133;689632100;0;21;63623101;2025-09-29;2025-09-29;2079-06-06
1644406020;174913137;689632108;0;7;63623101121;2025-09-29;2025-09-29;2079-06-06
1644406022;174913137;689632108;0;1;6439;2025-09-29;2025-09-29;2079-06-06
1644406024;174913137;689632108;0;15;34;2025-09-29;2025-09-29;2079-06-06
1644406026;174913137;689632108;0;21;63623101;2025-09-29;2025-09-29;2079-06-06
1644406067;174913142;689632120;0;1;6449;2025-09-29;2025-09-29;2079-06-06
1644406069;174913142;689632120;0;6;63250501000;2025-09-29;2025-09-29;2079-06-06
1644406071;174913142;689632120;0;8;64:50:031728:1006;2025-09-29;2025-09-29;2079-06-06
1644406073;174913142;689632120;0;13;636501010010000089820025000000000;2025-09-29;2025-09-29;2079-06-06
1644406075;174913143;689632121;0;1;6449;2025-09-29;2025-09-29;2079-06-06
1644406077;174913143;689632121;0;6;63250501000;2025-09-29;2025-09-29;2079-06-06
1644406079;174913143;689632121;0;8;64:50:031728:1007;2025-09-29;2025-09-29;2079-06-06
1644406081;174913143;689632121;0;13;636501010010000089820026000000000;2025-09-29;2025-09-29;2079-06-06
1644406104;174913146;689632127;0;1;6439;2025-09-29;2025-09-29;2079-06-06
1644406106;174913146;689632127;0;6;63223000165;2025-09-29;2025-09-29;2079-06-06
1644406108;174913146;689632127;0;8;64:17:190701:179;2025-09-29;2025-09-29;2079-06-06
1644406084;174913144;689632122;0;2;6439;2025-09-29;2025-09-29;2079-06-06
1644406086;174913144;689632122;0;7;63623101121;2025-09-29;2025-09-29;2079-06-06
1644406088;174913144;689632122;0;15;17;2025-09-29;2025-09-29;2079-06-06
1644406090;174913144;689632122;0;21;63623101;2025-09-29;2025-09-29;2079-06-06
1644406093;174913145;689632124;0;2;6439;2025-09-29;2025-09-29;2079-06-06
1644406095;174913145;689632124;0;4;6441;2025-09-29;2025-09-29;2079-06-06
1644406097;174913145;689632124;0;7;63649406101;2025-09-29;2025-09-29;2079-06-06
1644406099;174913145;689632124;0;15;22;2025-09-29;2025-09-29;2079-06-06
1644406101;174913145;689632124;0;21;63649406;2025-09-29;2025-09-29;2079-06-06
1644406111;174913146;689632127;0;21;63623101;2025-09-29;2025-09-29;2079-06-06
1644406376;27636142;689632236;0;8;64:33:090106:840;2025-09-29;2025-09-29;2079-06-06
1644406406;8206248;689632249;0;8;64:33:010102:1640;2025-09-29;2025-09-29;2079-06-06
1644406405;27631420;689632248;0;8;64:33:090105:27;2025-09-29;2025-09-29;2079-06-06
1644409342;174913497;689633400;0;2;6432;2025-09-29;2025-09-29;2079-06-06
1644409344;174913497;689633400;0;4;6444;2025-09-29;2025-09-29;2079-06-06
1644409346;174913497;689633400;0;7;63609410101;2025-09-29;2025-09-29;2079-06-06
1644409348;174913497;689633400;0;15;164;2025-09-29;2025-09-29;2079-06-06
1644409350;174913497;689633400;0;21;63609410;2025-09-29;2025-09-29;2079-06-06
1644409365;174913500;689633403;0;2;6432;2025-09-29;2025-09-29;2079-06-06
1644409367;174913500;689633403;0;4;6444;2025-09-29;2025-09-29;2079-06-06
1644409369;174913500;689633403;0;7;63609410101;2025-09-29;2025-09-29;2079-06-06
1644409371;174913500;689633403;0;15;189;2025-09-29;2025-09-29;2079-06-06
1644409373;174913500;689633403;0;21;63609410;2025-09-29;2025-09-29;2079-06-06
1644409375;174913501;689633404;0;2;6432;2025-09-29;2025-09-29;2079-06-06
1644409377;174913501;689633404;0;4;6444;2025-09-29;2025-09-29;2079-06-06
1644409379;174913501;689633404;0;7;63609410101;2025-09-29;2025-09-29;2079-06-06
1644409381;174913501;689633404;0;15;167;2025-09-29;2025-09-29;2079-06-06
1644409383;174913501;689633404;0;21;63609410;2025-09-29;2025-09-29;2079-06-06
1644409433;66247404;689633445;0;8;64:07:020201:802;2025-09-29;2025-09-29;2079-06-06
1502968703;11143070;589781312;689633508;8;64:15:240501:877;2025-09-29;2024-02-13;2025-09-29
1644409535;63704730;689633503;0;8;64:15:240501:589;2025-09-29;2025-09-29;2079-06-06
1538591962;12453562;605606129;689633534;8;64:15:200201:336;2025-09-29;2024-10-28;2025-09-29
1502968744;73867671;589781351;689633544;8;64:15:230301:389;2025-09-29;2024-02-13;2025-09-29
1644409676;49352925;689633556;0;8;64:44:050101:50;2025-09-29;2025-09-29;2079-06-06
1348173329;12445510;477409455;689633539;8;64:15:200201:325;2025-09-29;2022-11-23;2025-09-29
1644409669;60196021;689633551;0;8;64:15:230301:183;2025-09-29;2025-09-29;2079-06-06
1644409812;74096943;689633611;0;8;64:18:051302:56;2025-09-29;2025-09-29;2079-06-06
1644409817;174913532;689633614;0;1;6450;2025-09-29;2025-09-29;2079-06-06
1644409819;174913532;689633614;0;6;63401364000;2025-09-29;2025-09-29;2079-06-06
1644409821;174913532;689633614;0;8;64:48:000000:222892;2025-09-29;2025-09-29;2079-06-06
1644409823;174913532;689633614;0;13;637010000000000023720040000000000;2025-09-29;2025-09-29;2079-06-06
1644409825;103524102;689633616;0;8;64:18:000000:846;2025-09-29;2025-09-29;2079-06-06
1644409827;29845314;689633618;0;8;64:15:150301:1025;2025-09-29;2025-09-29;2079-06-06
1644409937;174913546;689633636;0;2;6439;2025-09-29;2025-09-29;2079-06-06
1644409939;174913546;689633636;0;4;6445;2025-09-29;2025-09-29;2079-06-06
1644409941;174913546;689633636;0;7;63624151051;2025-09-29;2025-09-29;2079-06-06
1644409943;174913546;689633636;0;15;124;2025-09-29;2025-09-29;2079-06-06
1644409945;174913546;689633636;0;21;63624151;2025-09-29;2025-09-29;2079-06-06
1644410006;73937504;689633645;0;8;64:15:270401:648;2025-09-29;2025-09-29;2079-06-06
1644410040;174913558;689633650;0;2;6439;2025-09-29;2025-09-29;2079-06-06
1644410042;174913558;689633650;0;4;6445;2025-09-29;2025-09-29;2079-06-06
1644410044;174913558;689633650;0;7;63624151051;2025-09-29;2025-09-29;2079-06-06
1644409997;174913553;689633644;0;2;6439;2025-09-29;2025-09-29;2079-06-06
1644409999;174913553;689633644;0;4;6445;2025-09-29;2025-09-29;2079-06-06
1644410001;174913553;689633644;0;7;63624151051;2025-09-29;2025-09-29;2079-06-06
1644410003;174913553;689633644;0;15;125;2025-09-29;2025-09-29;2079-06-06
1644410005;174913553;689633644;0;21;63624151;2025-09-29;2025-09-29;2079-06-06
1644410046;174913558;689633650;0;15;93;2025-09-29;2025-09-29;2079-06-06
1644410048;174913558;689633650;0;21;63624151;2025-09-29;2025-09-29;2079-06-06
1644410328;174913595;689633692;0;1;6439;2025-09-29;2025-09-29;2079-06-06
1644410330;174913595;689633692;0;3;6445;2025-09-29;2025-09-29;2079-06-06
1644410332;174913595;689633692;0;6;63224551000;2025-09-29;2025-09-29;2079-06-06
1644410334;174913595;689633692;0;8;64:18:000000:1096;2025-09-29;2025-09-29;2079-06-06
1644410336;174913595;689633692;0;13;636241510510000004820060000000000;2025-09-29;2025-09-29;2079-06-06
1644410346;18177179;689633694;0;8;64:18:051801:485;2025-09-29;2025-09-29;2079-06-06
1644410374;174913600;689633699;0;1;6439;2025-09-29;2025-09-29;2079-06-06
1644410376;174913600;689633699;0;3;6445;2025-09-29;2025-09-29;2079-06-06
1644410378;174913600;689633699;0;6;63224551000;2025-09-29;2025-09-29;2079-06-06
1644410380;174913600;689633699;0;8;64:18:050802:51;2025-09-29;2025-09-29;2079-06-06
1644410382;174913600;689633699;0;13;636241510510000004320079000000000;2025-09-29;2025-09-29;2079-06-06
1644410394;8450115;689633701;0;8;64:18:000000:701;2025-09-29;2025-09-29;2079-06-06
1644410397;174913602;689633703;0;2;6439;2025-09-29;2025-09-29;2079-06-06
1644410399;174913602;689633703;0;4;6445;2025-09-29;2025-09-29;2079-06-06
1644410401;174913602;689633703;0;7;63624151051;2025-09-29;2025-09-29;2079-06-06
1644410403;174913602;689633703;0;15;63;2025-09-29;2025-09-29;2079-06-06
1644410405;174913602;689633703;0;21;63624151;2025-09-29;2025-09-29;2079-06-06
172717653;29076311;44659238;689633738;8;64:18:05/901:306;2025-09-29;2015-09-30;2025-09-29
1644410453;55140480;689633740;0;8;64:50:000000:76539;2025-09-29;2025-09-29;2079-06-06
1644410484;5466488;689633771;0;8;64:50:010510:744;2025-09-29;2025-09-29;2079-06-06
1644410500;5414826;689633775;0;8;64:50:010420:562;2025-09-29;2025-09-29;2079-06-06
1644410510;30880382;689633779;0;8;64:50:011201:108;2025-09-29;2025-09-29;2079-06-06
1644410534;45413653;689633784;0;8;64:50:031744:128;2025-09-29;2025-09-29;2079-06-06
1644410540;31009545;689633788;0;8;64:50:011208:69;2025-09-29;2025-09-29;2079-06-06
1644410078;52943305;689633657;0;8;64:18:000000:719;2025-09-29;2025-09-29;2079-06-06
1644410081;174913563;689633659;0;2;6439;2025-09-29;2025-09-29;2079-06-06
1644410083;174913563;689633659;0;4;6445;2025-09-29;2025-09-29;2079-06-06
1644410085;174913563;689633659;0;7;63624151051;2025-09-29;2025-09-29;2079-06-06
1644410087;174913563;689633659;0;15;72;2025-09-29;2025-09-29;2079-06-06
1644410089;174913563;689633659;0;21;63624151;2025-09-29;2025-09-29;2079-06-06
1644410365;174913599;689633698;0;2;6439;2025-09-29;2025-09-29;2079-06-06
1644410367;174913599;689633698;0;4;6445;2025-09-29;2025-09-29;2079-06-06
1644410369;174913599;689633698;0;8;64:18:050802:75;2025-09-29;2025-09-29;2079-06-06
1644410371;174913599;689633698;0;15;78;2025-09-29;2025-09-29;2079-06-06
1644410373;174913599;689633698;0;21;63624151;2025-09-29;2025-09-29;2079-06-06
1644410385;174913601;689633700;0;2;6439;2025-09-29;2025-09-29;2079-06-06
1644410387;174913601;689633700;0;4;6445;2025-09-29;2025-09-29;2079-06-06
1644410389;174913601;689633700;0;7;63624151051;2025-09-29;2025-09-29;2079-06-06
1644410391;174913601;689633700;0;15;80;2025-09-29;2025-09-29;2079-06-06
1644410393;174913601;689633700;0;21;63624151;2025-09-29;2025-09-29;2079-06-06
1644410406;56694431;689633704;0;8;64:18:000000:833;2025-09-29;2025-09-29;2079-06-06
1644410690;174913627;689633841;0;21;63650101;2025-09-29;2025-09-29;2079-06-06
1644410539;45402800;689633787;0;8;64:50:031744:126;2025-09-29;2025-09-29;2079-06-06
1644410572;174913617;689633796;0;1;6449;2025-09-29;2025-09-29;2079-06-06
1644410574;174913617;689633796;0;6;63250554000;2025-09-29;2025-09-29;2079-06-06
1644410576;174913617;689633796;0;8;64:50:031760:864;2025-09-29;2025-09-29;2079-06-06
1644410578;174913617;689633796;0;13;636501010550000005630058000000000;2025-09-29;2025-09-29;2079-06-06
1644410580;174913618;689633797;0;1;6449;2025-09-29;2025-09-29;2079-06-06
1644410582;174913618;689633797;0;6;63250554000;2025-09-29;2025-09-29;2079-06-06
1644410584;174913618;689633797;0;8;64:50:031760:863;2025-09-29;2025-09-29;2079-06-06
1644410586;174913618;689633797;0;13;636501010550000005620059000000000;2025-09-29;2025-09-29;2079-06-06
1644410779;174913639;689633853;0;1;6449;2025-09-29;2025-09-29;2079-06-06
1644410781;174913639;689633853;0;6;63250501000;2025-09-29;2025-09-29;2079-06-06
1644410783;174913639;689633853;0;8;64:38:090152:90;2025-09-29;2025-09-29;2079-06-06
1644410785;174913639;689633853;0;13;636501010010478000020063000000000;2025-09-29;2025-09-29;2079-06-06
1644410787;174913640;689633854;0;1;6449;2025-09-29;2025-09-29;2079-06-06
1644410789;174913640;689633854;0;6;63250501000;2025-09-29;2025-09-29;2079-06-06
1644410791;174913640;689633854;0;8;64:50:000000:77358;2025-09-29;2025-09-29;2079-06-06
1644410793;174913640;689633854;0;13;636501010010478000020064000000000;2025-09-29;2025-09-29;2079-06-06
1644410795;174913641;689633855;0;1;6449;2025-09-29;2025-09-29;2079-06-06
1644410797;174913641;689633855;0;6;63250501000;2025-09-29;2025-09-29;2079-06-06
1644410799;174913641;689633855;0;8;64:38:090152:86;2025-09-29;2025-09-29;2079-06-06
1644410801;174913641;689633855;0;13;636501010010478000020065000000000;2025-09-29;2025-09-29;2079-06-06
1644410803;174913642;689633856;0;1;6449;2025-09-29;2025-09-29;2079-06-06
1644410805;174913642;689633856;0;6;63250501000;2025-09-29;2025-09-29;2079-06-06
1644410807;174913642;689633856;0;8;64:50:000000:76637;2025-09-29;2025-09-29;2079-06-06
1644410809;174913642;689633856;0;13;636501010010478000020066000000000;2025-09-29;2025-09-29;2079-06-06
1644410811;174913643;689633857;0;1;6449;2025-09-29;2025-09-29;2079-06-06
1644410813;174913643;689633857;0;6;63250501000;2025-09-29;2025-09-29;2079-06-06
1644410815;174913643;689633857;0;8;64:50:000000:76589;2025-09-29;2025-09-29;2079-06-06
1644410817;174913643;689633857;0;13;636501010010478000020067000000000;2025-09-29;2025-09-29;2079-06-06
1644410643;174913622;689633836;0;1;6449;2025-09-29;2025-09-29;2079-06-06
1644410645;174913622;689633836;0;6;63250501000;2025-09-29;2025-09-29;2079-06-06
1644410647;174913622;689633836;0;8;64:50:000000:77120;2025-09-29;2025-09-29;2079-06-06
1644410649;174913622;689633836;0;13;636501010010478000020046000000000;2025-09-29;2025-09-29;2079-06-06
1644410651;174913623;689633837;0;1;6449;2025-09-29;2025-09-29;2079-06-06
1644410653;174913623;689633837;0;6;63250501000;2025-09-29;2025-09-29;2079-06-06
1644410655;174913623;689633837;0;8;64:50:000000:77647;2025-09-29;2025-09-29;2079-06-06
1644410657;174913623;689633837;0;13;636501010010478000020047000000000;2025-09-29;2025-09-29;2079-06-06
1644410659;174913624;689633838;0;1;6449;2025-09-29;2025-09-29;2079-06-06
1644410661;174913624;689633838;0;6;63250501000;2025-09-29;2025-09-29;2079-06-06
1644410663;174913624;689633838;0;8;64:50:000000:76471;2025-09-29;2025-09-29;2079-06-06
1644410665;174913624;689633838;0;13;636501010010478000020048000000000;2025-09-29;2025-09-29;2079-06-06
1644410667;174913625;689633839;0;1;6449;2025-09-29;2025-09-29;2079-06-06
1644410669;174913625;689633839;0;6;63250501000;2025-09-29;2025-09-29;2079-06-06
1644410671;174913625;689633839;0;8;64:50:000000:77845;2025-09-29;2025-09-29;2079-06-06
1644410673;174913625;689633839;0;13;636501010010478000020049000000000;2025-09-29;2025-09-29;2079-06-06
1644410675;174913626;689633840;0;1;6449;2025-09-29;2025-09-29;2079-06-06
1644410677;174913626;689633840;0;6;63250501000;2025-09-29;2025-09-29;2079-06-06
1644410679;174913626;689633840;0;8;64:50:000000:21441;2025-09-29;2025-09-29;2079-06-06
1644410681;174913626;689633840;0;13;636501010010478000020050000000000;2025-09-29;2025-09-29;2079-06-06
1644410683;174913627;689633841;0;1;6449;2025-09-29;2025-09-29;2079-06-06
1644410685;174913627;689633841;0;6;63250501000;2025-09-29;2025-09-29;2079-06-06
1644410687;174913627;689633841;0;8;64:50:000000:77662;2025-09-29;2025-09-29;2079-06-06
1644410689;174913627;689633841;0;13;636501010010478000020051000000000;2025-09-29;2025-09-29;2079-06-06
1644410692;174913628;689633842;0;2;6449;2025-09-29;2025-09-29;2079-06-06
1644410694;174913628;689633842;0;7;63650101001;2025-09-29;2025-09-29;2079-06-06
1644410696;174913628;689633842;0;15;52;2025-09-29;2025-09-29;2079-06-06
1644410698;174913628;689633842;0;21;63650101;2025-09-29;2025-09-29;2079-06-06
1644410700;174913629;689633843;0;2;6449;2025-09-29;2025-09-29;2079-06-06
1644410702;174913629;689633843;0;7;63650101001;2025-09-29;2025-09-29;2079-06-06
1644410704;174913629;689633843;0;15;53;2025-09-29;2025-09-29;2079-06-06
1644410706;174913629;689633843;0;21;63650101;2025-09-29;2025-09-29;2079-06-06
1644410708;174913630;689633844;0;2;6449;2025-09-29;2025-09-29;2079-06-06
1644410710;174913630;689633844;0;7;63650101001;2025-09-29;2025-09-29;2079-06-06
1644410712;174913630;689633844;0;15;54;2025-09-29;2025-09-29;2079-06-06
1644410714;174913630;689633844;0;21;63650101;2025-09-29;2025-09-29;2079-06-06
1644410716;174913631;689633845;0;2;6449;2025-09-29;2025-09-29;2079-06-06
1644410718;174913631;689633845;0;7;63650101001;2025-09-29;2025-09-29;2079-06-06
1644410720;174913631;689633845;0;15;55;2025-09-29;2025-09-29;2079-06-06
1644410722;174913631;689633845;0;21;63650101;2025-09-29;2025-09-29;2079-06-06
1644410724;174913632;689633846;0;2;6449;2025-09-29;2025-09-29;2079-06-06
1644410726;174913632;689633846;0;7;63650101001;2025-09-29;2025-09-29;2079-06-06
1644410728;174913632;689633846;0;15;56;2025-09-29;2025-09-29;2079-06-06
1644410730;174913632;689633846;0;21;63650101;2025-09-29;2025-09-29;2079-06-06
1644410732;174913633;689633847;0;2;6449;2025-09-29;2025-09-29;2079-06-06
1644410734;174913633;689633847;0;7;63650101001;2025-09-29;2025-09-29;2079-06-06
1644410736;174913633;689633847;0;15;57;2025-09-29;2025-09-29;2079-06-06
1644410738;174913633;689633847;0;21;63650101;2025-09-29;2025-09-29;2079-06-06
1644410740;174913634;689633848;0;2;6449;2025-09-29;2025-09-29;2079-06-06
1644410742;174913634;689633848;0;7;63650101001;2025-09-29;2025-09-29;2079-06-06
1644410744;174913634;689633848;0;15;58;2025-09-29;2025-09-29;2079-06-06
1644410746;174913634;689633848;0;21;63650101;2025-09-29;2025-09-29;2079-06-06
1644410748;174913635;689633849;0;2;6449;2025-09-29;2025-09-29;2079-06-06
1644410750;174913635;689633849;0;7;63650101001;2025-09-29;2025-09-29;2079-06-06
1644410752;174913635;689633849;0;15;59;2025-09-29;2025-09-29;2079-06-06
1644410754;174913635;689633849;0;21;63650101;2025-09-29;2025-09-29;2079-06-06
1644410756;174913636;689633850;0;2;6449;2025-09-29;2025-09-29;2079-06-06
1644410758;174913636;689633850;0;7;63650101001;2025-09-29;2025-09-29;2079-06-06
1644410760;174913636;689633850;0;15;60;2025-09-29;2025-09-29;2079-06-06
1644410762;174913636;689633850;0;21;63650101;2025-09-29;2025-09-29;2079-06-06
1644410764;174913637;689633851;0;2;6449;2025-09-29;2025-09-29;2079-06-06
1644410766;174913637;689633851;0;7;63650101001;2025-09-29;2025-09-29;2079-06-06
1644410768;174913637;689633851;0;15;61;2025-09-29;2025-09-29;2079-06-06
1644410770;174913637;689633851;0;21;63650101;2025-09-29;2025-09-29;2079-06-06
1644410772;174913638;689633852;0;2;6449;2025-09-29;2025-09-29;2079-06-06
1644410774;174913638;689633852;0;7;63650101001;2025-09-29;2025-09-29;2079-06-06
1644410776;174913638;689633852;0;15;62;2025-09-29;2025-09-29;2079-06-06
1644410778;174913638;689633852;0;21;63650101;2025-09-29;2025-09-29;2079-06-06
1644410820;174913644;689633858;0;2;6432;2025-09-29;2025-09-29;2079-06-06
1644410822;174913644;689633858;0;4;6444;2025-09-29;2025-09-29;2079-06-06
1644410824;174913644;689633858;0;7;63609410101;2025-09-29;2025-09-29;2079-06-06
1644410826;174913644;689633858;0;15;62;2025-09-29;2025-09-29;2079-06-06
1644410828;174913644;689633858;0;21;63609410;2025-09-29;2025-09-29;2079-06-06
1644410832;174913645;689633862;0;2;6449;2025-09-29;2025-09-29;2079-06-06
1644410834;174913645;689633862;0;7;63650101001;2025-09-29;2025-09-29;2079-06-06
1644410836;174913645;689633862;0;15;5;2025-09-29;2025-09-29;2079-06-06
1644410838;174913645;689633862;0;21;63650101;2025-09-29;2025-09-29;2079-06-06
1644410840;174913646;689633863;0;2;6449;2025-09-29;2025-09-29;2079-06-06
1644410842;174913646;689633863;0;7;63650101001;2025-09-29;2025-09-29;2079-06-06
1644410844;174913646;689633863;0;15;6;2025-09-29;2025-09-29;2079-06-06
1644410846;174913646;689633863;0;21;63650101;2025-09-29;2025-09-29;2079-06-06
1644410848;174913647;689633864;0;1;6449;2025-09-29;2025-09-29;2079-06-06
1644410850;174913647;689633864;0;6;63250501000;2025-09-29;2025-09-29;2079-06-06
1644410852;174913647;689633864;0;15;7;2025-09-29;2025-09-29;2079-06-06
1644410854;174913647;689633864;0;21;63650101;2025-09-29;2025-09-29;2079-06-06
1644410856;174913648;689633865;0;2;6449;2025-09-29;2025-09-29;2079-06-06
1644410858;174913648;689633865;0;7;63650101001;2025-09-29;2025-09-29;2079-06-06
1644410860;174913648;689633865;0;15;8;2025-09-29;2025-09-29;2079-06-06
1644410862;174913648;689633865;0;21;63650101;2025-09-29;2025-09-29;2079-06-06
1644410864;174913649;689633866;0;2;6449;2025-09-29;2025-09-29;2079-06-06
1644410866;174913649;689633866;0;7;63650101001;2025-09-29;2025-09-29;2079-06-06
1644410868;174913649;689633866;0;15;9;2025-09-29;2025-09-29;2079-06-06
1644410870;174913649;689633866;0;21;63650101;2025-09-29;2025-09-29;2079-06-06
1644410872;174913650;689633867;0;2;6449;2025-09-29;2025-09-29;2079-06-06
1644410874;174913650;689633867;0;7;63650101001;2025-09-29;2025-09-29;2079-06-06
1644410876;174913650;689633867;0;15;10;2025-09-29;2025-09-29;2079-06-06
1644410878;174913650;689633867;0;21;63650101;2025-09-29;2025-09-29;2079-06-06
1644410880;174913651;689633869;0;2;6449;2025-09-29;2025-09-29;2079-06-06
1644410882;174913651;689633869;0;7;63650101001;2025-09-29;2025-09-29;2079-06-06
1644410884;174913651;689633869;0;15;98;2025-09-29;2025-09-29;2079-06-06
1644410886;174913651;689633869;0;21;63650101;2025-09-29;2025-09-29;2079-06-06
1644410888;174913652;689633871;0;2;6432;2025-09-29;2025-09-29;2079-06-06
1644410890;174913652;689633871;0;4;6444;2025-09-29;2025-09-29;2079-06-06
1644410892;174913652;689633871;0;7;63609410101;2025-09-29;2025-09-29;2079-06-06
1644410894;174913652;689633871;0;15;63;2025-09-29;2025-09-29;2079-06-06
1644410896;174913652;689633871;0;21;63609410;2025-09-29;2025-09-29;2079-06-06
1644410898;174913653;689633874;0;2;6449;2025-09-29;2025-09-29;2079-06-06
1644410900;174913653;689633874;0;7;63650101001;2025-09-29;2025-09-29;2079-06-06
1644410902;174913653;689633874;0;15;44;2025-09-29;2025-09-29;2079-06-06
1644410904;174913653;689633874;0;21;63650101;2025-09-29;2025-09-29;2079-06-06
1644410906;174913654;689633875;0;2;6449;2025-09-29;2025-09-29;2079-06-06
1644410908;174913654;689633875;0;7;63650101001;2025-09-29;2025-09-29;2079-06-06
1644410910;174913654;689633875;0;15;45;2025-09-29;2025-09-29;2079-06-06
1644410912;174913654;689633875;0;21;63650101;2025-09-29;2025-09-29;2079-06-06
1644411196;174913683;689633922;0;2;6449;2025-09-29;2025-09-29;2079-06-06
1644411198;174913683;689633922;0;7;63650101001;2025-09-29;2025-09-29;2079-06-06
1644411200;174913683;689633922;0;15;190;2025-09-29;2025-09-29;2079-06-06
1644411202;174913683;689633922;0;21;63650101;2025-09-29;2025-09-29;2079-06-06
1644411204;174913684;689633923;0;7;63650101001;2025-09-29;2025-09-29;2079-06-06
1644411206;174913684;689633923;0;1;6449;2025-09-29;2025-09-29;2079-06-06
1644411208;174913684;689633923;0;15;191;2025-09-29;2025-09-29;2079-06-06
1644411210;174913684;689633923;0;21;63650101;2025-09-29;2025-09-29;2079-06-06
1644411212;174913685;689633924;0;2;6449;2025-09-29;2025-09-29;2079-06-06
1644411214;174913685;689633924;0;7;63650101001;2025-09-29;2025-09-29;2079-06-06
1644411216;174913685;689633924;0;15;192;2025-09-29;2025-09-29;2079-06-06
1644411184;174913682;689633911;0;2;6450;2025-09-29;2025-09-29;2079-06-06
1644411186;174913682;689633911;0;7;63701000001;2025-09-29;2025-09-29;2079-06-06
1644411188;174913682;689633911;0;15;7;2025-09-29;2025-09-29;2079-06-06
1644411190;174913682;689633911;0;21;63701000;2025-09-29;2025-09-29;2079-06-06
1644411544;174913726;689633983;0;1;6449;2025-09-29;2025-09-29;2079-06-06
1644411546;174913726;689633983;0;6;63250501000;2025-09-29;2025-09-29;2079-06-06
1644411548;174913726;689633983;0;8;64:50:011208:58;2025-09-29;2025-09-29;2079-06-06
1644411550;174913726;689633983;0;13;636501010010000012220066000000000;2025-09-29;2025-09-29;2079-06-06
1644411552;174913727;689633984;0;1;6449;2025-09-29;2025-09-29;2079-06-06
1644411554;174913727;689633984;0;6;63250501000;2025-09-29;2025-09-29;2079-06-06
1644411556;174913727;689633984;0;8;64:50:011208:59;2025-09-29;2025-09-29;2079-06-06
1644411558;174913727;689633984;0;13;636501010010000012220067000000000;2025-09-29;2025-09-29;2079-06-06
1644411560;174913728;689633985;0;1;6449;2025-09-29;2025-09-29;2079-06-06
1644411562;174913728;689633985;0;6;63250501000;2025-09-29;2025-09-29;2079-06-06
1644411564;174913728;689633985;0;8;64:50:011208:61;2025-09-29;2025-09-29;2079-06-06
1644411566;174913728;689633985;0;13;636501010010000012230068000000000;2025-09-29;2025-09-29;2079-06-06
1644411568;174913729;689633986;0;1;6449;2025-09-29;2025-09-29;2079-06-06
1644411217;174913685;689633924;0;13;636501010010000011130192000000000;2025-09-29;2025-09-29;2079-06-06
1644411219;174913686;689633925;0;1;6449;2025-09-29;2025-09-29;2079-06-06
1644411221;174913686;689633925;0;6;63250501000;2025-09-29;2025-09-29;2079-06-06
1644411223;174913686;689633925;0;8;64:50:010420:503;2025-09-29;2025-09-29;2079-06-06
1644411225;174913686;689633925;0;13;636501010010000011130193000000000;2025-09-29;2025-09-29;2079-06-06
1644411227;174913687;689633926;0;1;6449;2025-09-29;2025-09-29;2079-06-06
1644411229;174913687;689633926;0;6;63250501000;2025-09-29;2025-09-29;2079-06-06
1644411231;174913687;689633926;0;8;64:50:010420:502;2025-09-29;2025-09-29;2079-06-06
1644411233;174913687;689633926;0;13;636501010010000011130194000000000;2025-09-29;2025-09-29;2079-06-06
1644411235;174913688;689633927;0;1;6449;2025-09-29;2025-09-29;2079-06-06
1644411237;174913688;689633927;0;6;63250501000;2025-09-29;2025-09-29;2079-06-06
1644411239;174913688;689633927;0;8;64:50:010420:481;2025-09-29;2025-09-29;2079-06-06
1644411241;174913688;689633927;0;13;636501010010000011120195000000000;2025-09-29;2025-09-29;2079-06-06
1644411243;174913689;689633928;0;7;63650101001;2025-09-29;2025-09-29;2079-06-06
1644411245;174913689;689633928;0;1;6449;2025-09-29;2025-09-29;2079-06-06
1644411247;174913689;689633928;0;6;63250501000;2025-09-29;2025-09-29;2079-06-06
1644411249;174913689;689633928;0;13;636501010010000011120196000000000;2025-09-29;2025-09-29;2079-06-06
1644411251;174913690;689633929;0;1;6449;2025-09-29;2025-09-29;2079-06-06
1644411253;174913690;689633929;0;6;63250501000;2025-09-29;2025-09-29;2079-06-06
1644411255;174913690;689633929;0;8;64:50:010420:514;2025-09-29;2025-09-29;2079-06-06
1644411257;174913690;689633929;0;13;636501010010000011130197000000000;2025-09-29;2025-09-29;2079-06-06
1644411259;174913691;689633930;0;1;6449;2025-09-29;2025-09-29;2079-06-06
1644411261;174913691;689633930;0;6;63250501000;2025-09-29;2025-09-29;2079-06-06
1644411263;174913691;689633930;0;8;64:50:010420:498;2025-09-29;2025-09-29;2079-06-06
1644411265;174913691;689633930;0;13;636501010010000011130198000000000;2025-09-29;2025-09-29;2079-06-06
1644411267;174913692;689633931;0;1;6449;2025-09-29;2025-09-29;2079-06-06
1644411269;174913692;689633931;0;6;63250501000;2025-09-29;2025-09-29;2079-06-06
1644411271;174913692;689633931;0;8;64:50:010420:478;2025-09-29;2025-09-29;2079-06-06
1644411273;174913692;689633931;0;13;636501010010000011130199000000000;2025-09-29;2025-09-29;2079-06-06
1644411275;174913693;689633932;0;1;6449;2025-09-29;2025-09-29;2079-06-06
1644411277;174913693;689633932;0;6;63250501000;2025-09-29;2025-09-29;2079-06-06
1644411279;174913693;689633932;0;8;64:50:010423:359;2025-09-29;2025-09-29;2079-06-06
1644411281;174913693;689633932;0;13;636501010010000011130200000000000;2025-09-29;2025-09-29;2079-06-06
1644411283;174913694;689633933;0;1;6449;2025-09-29;2025-09-29;2079-06-06
1644411285;174913694;689633933;0;6;63250501000;2025-09-29;2025-09-29;2079-06-06
1644411287;174913694;689633933;0;8;64:50:010423:358;2025-09-29;2025-09-29;2079-06-06
1644411289;174913694;689633933;0;13;636501010010000011130201000000000;2025-09-29;2025-09-29;2079-06-06
1644411291;174913695;689633934;0;1;6449;2025-09-29;2025-09-29;2079-06-06
1644411293;174913695;689633934;0;6;63250501000;2025-09-29;2025-09-29;2079-06-06
1644411295;174913695;689633934;0;8;64:50:010423:304;2025-09-29;2025-09-29;2079-06-06
1644411297;174913695;689633934;0;13;636501010010000011120202000000000;2025-09-29;2025-09-29;2079-06-06
1644411299;174913696;689633935;0;1;6449;2025-09-29;2025-09-29;2079-06-06
1644411301;174913696;689633935;0;6;63250501000;2025-09-29;2025-09-29;2079-06-06
1644411303;174913696;689633935;0;8;64:50:010530:277;2025-09-29;2025-09-29;2079-06-06
1644411305;174913696;689633935;0;13;636501010010000011130203000000000;2025-09-29;2025-09-29;2079-06-06
1644411307;174913697;689633936;0;1;6449;2025-09-29;2025-09-29;2079-06-06
1644411309;174913697;689633936;0;6;63250501000;2025-09-29;2025-09-29;2079-06-06
1644411311;174913697;689633936;0;8;64:50:010530:271;2025-09-29;2025-09-29;2079-06-06
1644411313;174913697;689633936;0;13;636501010010000011120204000000000;2025-09-29;2025-09-29;2079-06-06
1644411315;174913698;689633937;0;1;6449;2025-09-29;2025-09-29;2079-06-06
1644411317;174913698;689633937;0;6;63250501000;2025-09-29;2025-09-29;2079-06-06
1644411319;174913698;689633937;0;8;64:50:010510:719;2025-09-29;2025-09-29;2079-06-06
1644411321;174913698;689633937;0;13;636501010010000011120205000000000;2025-09-29;2025-09-29;2079-06-06
1644411323;174913699;689633938;0;1;6449;2025-09-29;2025-09-29;2079-06-06
1644411325;174913699;689633938;0;6;63250501000;2025-09-29;2025-09-29;2079-06-06
1644411327;174913699;689633938;0;8;64:50:010510:718;2025-09-29;2025-09-29;2079-06-06
1644411329;174913699;689633938;0;13;636501010010000011130206000000000;2025-09-29;2025-09-29;2079-06-06
1644411331;174913700;689633939;0;1;6449;2025-09-29;2025-09-29;2079-06-06
1644411333;174913700;689633939;0;6;63250501000;2025-09-29;2025-09-29;2079-06-06
1644411335;174913700;689633939;0;8;64:50:010510:714;2025-09-29;2025-09-29;2079-06-06
1644411337;174913700;689633939;0;13;636501010010000011130207000000000;2025-09-29;2025-09-29;2079-06-06
1644411339;174913701;689633940;0;8;64:50:010420:552;2025-09-29;2025-09-29;2079-06-06
1644411341;174913701;689633940;0;2;6449;2025-09-29;2025-09-29;2079-06-06
1644411343;174913701;689633940;0;7;63650101001;2025-09-29;2025-09-29;2079-06-06
1644411345;174913701;689633940;0;13;636501010010000011130208000000000;2025-09-29;2025-09-29;2079-06-06
1644411347;174913702;689633941;0;1;6449;2025-09-29;2025-09-29;2079-06-06
1644411349;174913702;689633941;0;6;63250501000;2025-09-29;2025-09-29;2079-06-06
1644411351;174913702;689633941;0;8;64:50:010420:531;2025-09-29;2025-09-29;2079-06-06
1644411353;174913702;689633941;0;13;636501010010000011120209000000000;2025-09-29;2025-09-29;2079-06-06
1644411355;174913703;689633942;0;1;6449;2025-09-29;2025-09-29;2079-06-06
1644411357;174913703;689633942;0;6;63250501000;2025-09-29;2025-09-29;2079-06-06
1644411359;174913703;689633942;0;8;64:50:010423:316;2025-09-29;2025-09-29;2079-06-06
1644411361;174913703;689633942;0;13;636501010010000011130210000000000;2025-09-29;2025-09-29;2079-06-06
1644411366;174913704;689633947;0;1;6449;2025-09-29;2025-09-29;2079-06-06
1644411368;174913704;689633947;0;6;63250501000;2025-09-29;2025-09-29;2079-06-06
1644411370;174913704;689633947;0;8;64:50:010406:387;2025-09-29;2025-09-29;2079-06-06
1644411372;174913704;689633947;0;13;636501010010000011330054000000000;2025-09-29;2025-09-29;2079-06-06
1644411374;174913705;689633948;0;1;6449;2025-09-29;2025-09-29;2079-06-06
1644411376;174913705;689633948;0;6;63250501000;2025-09-29;2025-09-29;2079-06-06
1644411378;174913705;689633948;0;8;64:50:010406:372;2025-09-29;2025-09-29;2079-06-06
1644411380;174913705;689633948;0;13;636501010010000011330055000000000;2025-09-29;2025-09-29;2079-06-06
1644411382;174913706;689633949;0;1;6449;2025-09-29;2025-09-29;2079-06-06
1644411384;174913706;689633949;0;6;63250501000;2025-09-29;2025-09-29;2079-06-06
1644411386;174913706;689633949;0;8;64:50:010406:364;2025-09-29;2025-09-29;2079-06-06
1644411388;174913706;689633949;0;13;636501010010000011320056000000000;2025-09-29;2025-09-29;2079-06-06
1644411408;174913709;689633953;0;1;6449;2025-09-29;2025-09-29;2079-06-06
1644411410;174913709;689633953;0;6;63250501000;2025-09-29;2025-09-29;2079-06-06
1644411412;174913709;689633953;0;8;64:50:031710:403;2025-09-29;2025-09-29;2079-06-06
1644411414;174913709;689633953;0;13;636501010010000011430045000000000;2025-09-29;2025-09-29;2079-06-06
1644411416;174913710;689633954;0;1;6449;2025-09-29;2025-09-29;2079-06-06
1644411418;174913710;689633954;0;6;63250501000;2025-09-29;2025-09-29;2079-06-06
1644411420;174913710;689633954;0;8;64:50:031710:398;2025-09-29;2025-09-29;2079-06-06
1644411422;174913710;689633954;0;13;636501010010000011420046000000000;2025-09-29;2025-09-29;2079-06-06
1644411424;174913711;689633955;0;1;6449;2025-09-29;2025-09-29;2079-06-06
1644411426;174913711;689633955;0;6;63250501000;2025-09-29;2025-09-29;2079-06-06
1644411428;174913711;689633955;0;8;64:50:031710:389;2025-09-29;2025-09-29;2079-06-06
1644411430;174913711;689633955;0;13;636501010010000011430047000000000;2025-09-29;2025-09-29;2079-06-06
1644411444;39505065;689633959;0;8;64:26:080671:39;2025-09-29;2025-09-29;2079-06-06
1644411454;174913715;689633967;0;1;6449;2025-09-29;2025-09-29;2079-06-06
1644411456;174913715;689633967;0;6;63250501000;2025-09-29;2025-09-29;2079-06-06
1644411458;174913715;689633967;0;8;64:50:031756:168;2025-09-29;2025-09-29;2079-06-06
1644411460;174913715;689633967;0;13;636501010010000011730061000000000;2025-09-29;2025-09-29;2079-06-06
1644411462;174913716;689633968;0;1;6449;2025-09-29;2025-09-29;2079-06-06
1644411464;174913716;689633968;0;6;63250501000;2025-09-29;2025-09-29;2079-06-06
1644411466;174913716;689633968;0;8;64:50:031755:238;2025-09-29;2025-09-29;2079-06-06
1644411468;174913716;689633968;0;13;636501010010000011730062000000000;2025-09-29;2025-09-29;2079-06-06
1644411470;174913717;689633969;0;1;6449;2025-09-29;2025-09-29;2079-06-06
1644411472;174913717;689633969;0;6;63250501000;2025-09-29;2025-09-29;2079-06-06
1644411474;174913717;689633969;0;8;64:50:031755:226;2025-09-29;2025-09-29;2079-06-06
1644411476;174913717;689633969;0;13;636501010010000011720063000000000;2025-09-29;2025-09-29;2079-06-06
1644411478;174913718;689633970;0;1;6449;2025-09-29;2025-09-29;2079-06-06
1644411480;174913718;689633970;0;6;63250501000;2025-09-29;2025-09-29;2079-06-06
1644411482;174913718;689633970;0;8;64:50:031755:212;2025-09-29;2025-09-29;2079-06-06
1644411484;174913718;689633970;0;13;636501010010000011730064000000000;2025-09-29;2025-09-29;2079-06-06
1644411486;174913719;689633971;0;1;6449;2025-09-29;2025-09-29;2079-06-06
1644411488;174913719;689633971;0;6;63250501000;2025-09-29;2025-09-29;2079-06-06
1644411490;174913719;689633971;0;8;64:50:031755:217;2025-09-29;2025-09-29;2079-06-06
1644411492;174913719;689633971;0;13;636501010010000011730065000000000;2025-09-29;2025-09-29;2079-06-06
1644411494;174913720;689633972;0;1;6449;2025-09-29;2025-09-29;2079-06-06
1644411496;174913720;689633972;0;6;63250501000;2025-09-29;2025-09-29;2079-06-06
1644411498;174913720;689633972;0;8;64:50:031755:211;2025-09-29;2025-09-29;2079-06-06
1644411500;174913720;689633972;0;13;636501010010000011720066000000000;2025-09-29;2025-09-29;2079-06-06
1644411502;174913721;689633973;0;1;6449;2025-09-29;2025-09-29;2079-06-06
1644411504;174913721;689633973;0;6;63250501000;2025-09-29;2025-09-29;2079-06-06
1644411506;174913721;689633973;0;8;64:50:031755:259;2025-09-29;2025-09-29;2079-06-06
1644411508;174913721;689633973;0;13;636501010010000011730067000000000;2025-09-29;2025-09-29;2079-06-06
1644411510;174913722;689633974;0;1;6449;2025-09-29;2025-09-29;2079-06-06
1644411512;174913722;689633974;0;6;63250501000;2025-09-29;2025-09-29;2079-06-06
1644411514;174913722;689633974;0;8;64:50:031755:245;2025-09-29;2025-09-29;2079-06-06
1644411516;174913722;689633974;0;13;636501010010000011730068000000000;2025-09-29;2025-09-29;2079-06-06
1644411518;174913723;689633975;0;1;6449;2025-09-29;2025-09-29;2079-06-06
1644411520;174913723;689633975;0;6;63250501000;2025-09-29;2025-09-29;2079-06-06
1644411522;174913723;689633975;0;8;64:50:031755:200;2025-09-29;2025-09-29;2079-06-06
1644411524;174913723;689633975;0;13;636501010010000011720069000000000;2025-09-29;2025-09-29;2079-06-06
1644411526;174913724;689633976;0;1;6449;2025-09-29;2025-09-29;2079-06-06
1644411528;174913724;689633976;0;6;63250501000;2025-09-29;2025-09-29;2079-06-06
1644411530;174913724;689633976;0;8;64:50:031755:199;2025-09-29;2025-09-29;2079-06-06
1644411532;174913724;689633976;0;13;636501010010000011730070000000000;2025-09-29;2025-09-29;2079-06-06
1644411535;5182023;689633978;0;8;64:26:080670:42;2025-09-29;2025-09-29;2079-06-06
1644411543;11038902;689633982;0;19;1;2025-09-29;2025-09-29;2079-06-06
1644411570;174913729;689633986;0;6;63250501000;2025-09-29;2025-09-29;2079-06-06
1644411572;174913729;689633986;0;8;64:50:011208:60;2025-09-29;2025-09-29;2079-06-06
1644411574;174913729;689633986;0;13;636501010010000012230069000000000;2025-09-29;2025-09-29;2079-06-06
1644411577;174913730;689633988;0;1;6449;2025-09-29;2025-09-29;2079-06-06
1644411579;174913730;689633988;0;6;63250501000;2025-09-29;2025-09-29;2079-06-06
1644411581;174913730;689633988;0;8;64:50:011223:1663;2025-09-29;2025-09-29;2079-06-06
1644411583;174913730;689633988;0;13;636501010010000012520053000000000;2025-09-29;2025-09-29;2079-06-06
1644411588;82205834;689633990;0;8;64:26:080672:68;2025-09-29;2025-09-29;2079-06-06
1644411596;174913732;689633998;0;2;6449;2025-09-29;2025-09-29;2079-06-06
1644411598;174913732;689633998;0;7;63650101001;2025-09-29;2025-09-29;2079-06-06
1644411600;174913732;689633998;0;15;106;2025-09-29;2025-09-29;2079-06-06
1644411602;174913732;689633998;0;21;63650101;2025-09-29;2025-09-29;2079-06-06
1644411604;174913733;689633999;0;2;6449;2025-09-29;2025-09-29;2079-06-06
1644411606;174913733;689633999;0;7;63650101001;2025-09-29;2025-09-29;2079-06-06
1644411608;174913733;689633999;0;15;107;2025-09-29;2025-09-29;2079-06-06
1644411610;174913733;689633999;0;21;63650101;2025-09-29;2025-09-29;2079-06-06
1644411612;174913734;689634000;0;2;6449;2025-09-29;2025-09-29;2079-06-06
1644411614;174913734;689634000;0;7;63650101001;2025-09-29;2025-09-29;2079-06-06
1644411616;174913734;689634000;0;15;108;2025-09-29;2025-09-29;2079-06-06
1644411618;174913734;689634000;0;21;63650101;2025-09-29;2025-09-29;2079-06-06
1644411620;174913735;689634001;0;2;6449;2025-09-29;2025-09-29;2079-06-06
1644411622;174913735;689634001;0;7;63650101001;2025-09-29;2025-09-29;2079-06-06
1644411624;174913735;689634001;0;15;109;2025-09-29;2025-09-29;2079-06-06
1644411626;174913735;689634001;0;21;63650101;2025-09-29;2025-09-29;2079-06-06
1644411654;174913737;689634022;0;2;6449;2025-09-29;2025-09-29;2079-06-06
1644411656;174913737;689634022;0;7;63650480101;2025-09-29;2025-09-29;2079-06-06
1644411658;174913737;689634022;0;15;9;2025-09-29;2025-09-29;2079-06-06
1644411660;174913737;689634022;0;21;63650480;2025-09-29;2025-09-29;2079-06-06
1644411661;56047970;689634023;0;8;64:26:080660:73;2025-09-29;2025-09-29;2079-06-06
1644411866;32729382;689634088;0;8;64:26:080636:59;2025-09-29;2025-09-29;2079-06-06
1644411877;174913762;689634094;0;7;63650101001;2025-09-29;2025-09-29;2079-06-06
1644411879;174913762;689634094;0;1;6449;2025-09-29;2025-09-29;2079-06-06
1644411881;174913762;689634094;0;15;73;2025-09-29;2025-09-29;2079-06-06
1644411883;174913762;689634094;0;21;63650101;2025-09-29;2025-09-29;2079-06-06
1644411885;174913763;689634095;0;2;6449;2025-09-29;2025-09-29;2079-06-06
1644411887;174913763;689634095;0;7;63650101001;2025-09-29;2025-09-29;2079-06-06
1644411889;174913763;689634095;0;15;74;2025-09-29;2025-09-29;2079-06-06
1644411891;174913763;689634095;0;21;63650101;2025-09-29;2025-09-29;2079-06-06
1644411893;174913764;689634096;0;2;6449;2025-09-29;2025-09-29;2079-06-06
1644411895;174913764;689634096;0;7;63650101001;2025-09-29;2025-09-29;2079-06-06
1644411897;174913764;689634096;0;15;75;2025-09-29;2025-09-29;2079-06-06
1644411899;174913764;689634096;0;21;63650101;2025-09-29;2025-09-29;2079-06-06
1644411901;174913765;689634097;0;2;6449;2025-09-29;2025-09-29;2079-06-06
1644411903;174913765;689634097;0;7;63650101001;2025-09-29;2025-09-29;2079-06-06
1644411905;174913765;689634097;0;15;76;2025-09-29;2025-09-29;2079-06-06
1644411690;174913740;689634047;0;1;6451;2025-09-29;2025-09-29;2079-06-06
1644411692;174913740;689634047;0;6;63401368000;2025-09-29;2025-09-29;2079-06-06
1644411694;174913740;689634047;0;8;64:48:020301:3735;2025-09-29;2025-09-29;2079-06-06
1644411696;174913740;689634047;0;13;637010000010000080920230000000000;2025-09-29;2025-09-29;2079-06-06
1644411700;28797296;689634051;0;8;64:26:080608:41;2025-09-29;2025-09-29;2079-06-06
1644411712;174913742;689634055;0;2;6449;2025-09-29;2025-09-29;2079-06-06
1644411714;174913742;689634055;0;7;63650101001;2025-09-29;2025-09-29;2079-06-06
1644411716;174913742;689634055;0;15;54;2025-09-29;2025-09-29;2079-06-06
1644411718;174913742;689634055;0;21;63650101;2025-09-29;2025-09-29;2079-06-06
1644411720;174913743;689634056;0;2;6449;2025-09-29;2025-09-29;2079-06-06
1644411722;174913743;689634056;0;7;63650101001;2025-09-29;2025-09-29;2079-06-06
1644411724;174913743;689634056;0;15;55;2025-09-29;2025-09-29;2079-06-06
1644411726;174913743;689634056;0;21;63650101;2025-09-29;2025-09-29;2079-06-06
1644411728;174913744;689634057;0;2;6449;2025-09-29;2025-09-29;2079-06-06
1644411730;174913744;689634057;0;7;63650101001;2025-09-29;2025-09-29;2079-06-06
1644411732;174913744;689634057;0;15;56;2025-09-29;2025-09-29;2079-06-06
1644411734;174913744;689634057;0;21;63650101;2025-09-29;2025-09-29;2079-06-06
1644411736;174913745;689634058;0;2;6449;2025-09-29;2025-09-29;2079-06-06
1644411738;174913745;689634058;0;7;63650101001;2025-09-29;2025-09-29;2079-06-06
1644411740;174913745;689634058;0;15;57;2025-09-29;2025-09-29;2079-06-06
1644411742;174913745;689634058;0;21;63650101;2025-09-29;2025-09-29;2079-06-06
1644411744;174913746;689634059;0;2;6449;2025-09-29;2025-09-29;2079-06-06
1644411746;174913746;689634059;0;7;63650101001;2025-09-29;2025-09-29;2079-06-06
1644411748;174913746;689634059;0;15;58;2025-09-29;2025-09-29;2079-06-06
1644411750;174913746;689634059;0;21;63650101;2025-09-29;2025-09-29;2079-06-06
1644411752;174913747;689634060;0;2;6449;2025-09-29;2025-09-29;2079-06-06
1644411754;174913747;689634060;0;7;63650101001;2025-09-29;2025-09-29;2079-06-06
1644411756;174913747;689634060;0;15;59;2025-09-29;2025-09-29;2079-06-06
1644411758;174913747;689634060;0;21;63650101;2025-09-29;2025-09-29;2079-06-06
1644411760;174913748;689634061;0;2;6449;2025-09-29;2025-09-29;2079-06-06
1644411762;174913748;689634061;0;7;63650101001;2025-09-29;2025-09-29;2079-06-06
1644411764;174913748;689634061;0;15;60;2025-09-29;2025-09-29;2079-06-06
1644411766;174913748;689634061;0;21;63650101;2025-09-29;2025-09-29;2079-06-06
1644411768;174913749;689634062;0;2;6449;2025-09-29;2025-09-29;2079-06-06
1644411770;174913749;689634062;0;7;63650101001;2025-09-29;2025-09-29;2079-06-06
1644411772;174913749;689634062;0;15;61;2025-09-29;2025-09-29;2079-06-06
1644411774;174913749;689634062;0;21;63650101;2025-09-29;2025-09-29;2079-06-06
1644411776;174913750;689634063;0;2;6449;2025-09-29;2025-09-29;2079-06-06
1644411778;174913750;689634063;0;7;63650101001;2025-09-29;2025-09-29;2079-06-06
1644411780;174913750;689634063;0;15;62;2025-09-29;2025-09-29;2079-06-06
1644411782;174913750;689634063;0;21;63650101;2025-09-29;2025-09-29;2079-06-06
1644411784;174913751;689634064;0;2;6449;2025-09-29;2025-09-29;2079-06-06
1644411786;174913751;689634064;0;7;63650101001;2025-09-29;2025-09-29;2079-06-06
1644411788;174913751;689634064;0;15;63;2025-09-29;2025-09-29;2079-06-06
1644411790;174913751;689634064;0;21;63650101;2025-09-29;2025-09-29;2079-06-06
1644411792;174913752;689634065;0;2;6449;2025-09-29;2025-09-29;2079-06-06
1644411794;174913752;689634065;0;7;63650101001;2025-09-29;2025-09-29;2079-06-06
1644411796;174913752;689634065;0;15;64;2025-09-29;2025-09-29;2079-06-06
1644411798;174913752;689634065;0;21;63650101;2025-09-29;2025-09-29;2079-06-06
1644411800;174913753;689634066;0;2;6449;2025-09-29;2025-09-29;2079-06-06
1644411802;174913753;689634066;0;7;63650101001;2025-09-29;2025-09-29;2079-06-06
1644411804;174913753;689634066;0;15;65;2025-09-29;2025-09-29;2079-06-06
1644411806;174913753;689634066;0;21;63650101;2025-09-29;2025-09-29;2079-06-06
1644411808;174913754;689634067;0;2;6449;2025-09-29;2025-09-29;2079-06-06
1644411810;174913754;689634067;0;7;63650101001;2025-09-29;2025-09-29;2079-06-06
1644411812;174913754;689634067;0;15;66;2025-09-29;2025-09-29;2079-06-06
1644411814;174913754;689634067;0;21;63650101;2025-09-29;2025-09-29;2079-06-06
1644411816;174913755;689634068;0;2;6449;2025-09-29;2025-09-29;2079-06-06
1644411818;174913755;689634068;0;7;63650101001;2025-09-29;2025-09-29;2079-06-06
1644411820;174913755;689634068;0;15;67;2025-09-29;2025-09-29;2079-06-06
1644411822;174913755;689634068;0;21;63650101;2025-09-29;2025-09-29;2079-06-06
1644411824;174913756;689634069;0;1;6449;2025-09-29;2025-09-29;2079-06-06
1644411826;174913756;689634069;0;6;63250501000;2025-09-29;2025-09-29;2079-06-06
1644411828;174913756;689634069;0;15;68;2025-09-29;2025-09-29;2079-06-06
1644411830;174913756;689634069;0;21;63650101;2025-09-29;2025-09-29;2079-06-06
1644411832;174913757;689634070;0;2;6449;2025-09-29;2025-09-29;2079-06-06
1644411834;174913757;689634070;0;7;63650101001;2025-09-29;2025-09-29;2079-06-06
1644411836;174913757;689634070;0;15;69;2025-09-29;2025-09-29;2079-06-06
1644411838;174913757;689634070;0;21;63650101;2025-09-29;2025-09-29;2079-06-06
1644411840;174913758;689634071;0;2;6449;2025-09-29;2025-09-29;2079-06-06
1644411842;174913758;689634071;0;7;63650101001;2025-09-29;2025-09-29;2079-06-06
1644411844;174913758;689634071;0;15;70;2025-09-29;2025-09-29;2079-06-06
1644411846;174913758;689634071;0;21;63650101;2025-09-29;2025-09-29;2079-06-06
1644411848;174913759;689634072;0;2;6449;2025-09-29;2025-09-29;2079-06-06
1644411850;174913759;689634072;0;7;63650101001;2025-09-29;2025-09-29;2079-06-06
1644411852;174913759;689634072;0;15;71;2025-09-29;2025-09-29;2079-06-06
1644411854;174913759;689634072;0;21;63650101;2025-09-29;2025-09-29;2079-06-06
1644411856;174913760;689634073;0;2;6449;2025-09-29;2025-09-29;2079-06-06
1644411858;174913760;689634073;0;7;63650101001;2025-09-29;2025-09-29;2079-06-06
1644411860;174913760;689634073;0;15;72;2025-09-29;2025-09-29;2079-06-06
1644411862;174913760;689634073;0;21;63650101;2025-09-29;2025-09-29;2079-06-06
1644411864;24173110;689634079;0;8;64:26:000000:333;2025-09-29;2025-09-29;2079-06-06
1348291232;38873835;477516703;689634130;8;64:34:260504:55;2025-09-29;2022-11-23;2025-09-29
1644412111;9813356;689634134;0;13;637010000010000540620019000000010;2025-09-29;2025-09-29;2079-06-06
1644411907;174913765;689634097;0;21;63650101;2025-09-29;2025-09-29;2079-06-06
1644411909;174913766;689634098;0;2;6449;2025-09-29;2025-09-29;2079-06-06
1644411911;174913766;689634098;0;7;63650101001;2025-09-29;2025-09-29;2079-06-06
1644411913;174913766;689634098;0;15;77;2025-09-29;2025-09-29;2079-06-06
1644411915;174913766;689634098;0;21;63650101;2025-09-29;2025-09-29;2079-06-06
1644411917;174913767;689634099;0;2;6449;2025-09-29;2025-09-29;2079-06-06
1644411919;174913767;689634099;0;7;63650101001;2025-09-29;2025-09-29;2079-06-06
1644411921;174913767;689634099;0;15;78;2025-09-29;2025-09-29;2079-06-06
1644411923;174913767;689634099;0;21;63650101;2025-09-29;2025-09-29;2079-06-06
1644411925;174913768;689634100;0;2;6449;2025-09-29;2025-09-29;2079-06-06
1644411927;174913768;689634100;0;7;63650101001;2025-09-29;2025-09-29;2079-06-06
1644411929;174913768;689634100;0;15;79;2025-09-29;2025-09-29;2079-06-06
1644411931;174913768;689634100;0;21;63650101;2025-09-29;2025-09-29;2079-06-06
1644411933;174913769;689634101;0;2;6449;2025-09-29;2025-09-29;2079-06-06
1644411935;174913769;689634101;0;7;63650101001;2025-09-29;2025-09-29;2079-06-06
1644411937;174913769;689634101;0;15;80;2025-09-29;2025-09-29;2079-06-06
1644411939;174913769;689634101;0;21;63650101;2025-09-29;2025-09-29;2079-06-06
1644411941;174913770;689634102;0;2;6449;2025-09-29;2025-09-29;2079-06-06
1644411943;174913770;689634102;0;7;63650101001;2025-09-29;2025-09-29;2079-06-06
1644411945;174913770;689634102;0;15;81;2025-09-29;2025-09-29;2079-06-06
1644411947;174913770;689634102;0;21;63650101;2025-09-29;2025-09-29;2079-06-06
1644411949;174913771;689634103;0;2;6449;2025-09-29;2025-09-29;2079-06-06
1644411951;174913771;689634103;0;7;63650101001;2025-09-29;2025-09-29;2079-06-06
1644411953;174913771;689634103;0;15;82;2025-09-29;2025-09-29;2079-06-06
1644411955;174913771;689634103;0;21;63650101;2025-09-29;2025-09-29;2079-06-06
1644411957;174913772;689634104;0;2;6449;2025-09-29;2025-09-29;2079-06-06
1644411959;174913772;689634104;0;7;63650101001;2025-09-29;2025-09-29;2079-06-06
1644411961;174913772;689634104;0;15;83;2025-09-29;2025-09-29;2079-06-06
1644411963;174913772;689634104;0;21;63650101;2025-09-29;2025-09-29;2079-06-06
1644411965;174913773;689634105;0;2;6449;2025-09-29;2025-09-29;2079-06-06
1644411967;174913773;689634105;0;7;63650101001;2025-09-29;2025-09-29;2079-06-06
1644411969;174913773;689634105;0;15;84;2025-09-29;2025-09-29;2079-06-06
1644411971;174913773;689634105;0;21;63650101;2025-09-29;2025-09-29;2079-06-06
1644411973;174913774;689634106;0;2;6449;2025-09-29;2025-09-29;2079-06-06
1644411975;174913774;689634106;0;7;63650101001;2025-09-29;2025-09-29;2079-06-06
1644411977;174913774;689634106;0;15;85;2025-09-29;2025-09-29;2079-06-06
1644411979;174913774;689634106;0;21;63650101;2025-09-29;2025-09-29;2079-06-06
1644411981;174913775;689634107;0;2;6449;2025-09-29;2025-09-29;2079-06-06
1644411983;174913775;689634107;0;7;63650101001;2025-09-29;2025-09-29;2079-06-06
1644411985;174913775;689634107;0;15;86;2025-09-29;2025-09-29;2079-06-06
1644411987;174913775;689634107;0;21;63650101;2025-09-29;2025-09-29;2079-06-06
1644411989;174913776;689634108;0;2;6449;2025-09-29;2025-09-29;2079-06-06
1644411991;174913776;689634108;0;7;63650101001;2025-09-29;2025-09-29;2079-06-06
1644411993;174913776;689634108;0;15;87;2025-09-29;2025-09-29;2079-06-06
1644411995;174913776;689634108;0;21;63650101;2025-09-29;2025-09-29;2079-06-06
1644411997;174913777;689634109;0;2;6449;2025-09-29;2025-09-29;2079-06-06
1644411999;174913777;689634109;0;7;63650101001;2025-09-29;2025-09-29;2079-06-06
1644412001;174913777;689634109;0;15;88;2025-09-29;2025-09-29;2079-06-06
1644412003;174913777;689634109;0;21;63650101;2025-09-29;2025-09-29;2079-06-06
1644412005;174913778;689634110;0;2;6449;2025-09-29;2025-09-29;2079-06-06
1644412007;174913778;689634110;0;7;63650101001;2025-09-29;2025-09-29;2079-06-06
1644412009;174913778;689634110;0;15;89;2025-09-29;2025-09-29;2079-06-06
1644412011;174913778;689634110;0;21;63650101;2025-09-29;2025-09-29;2079-06-06
1644412013;174913779;689634111;0;2;6449;2025-09-29;2025-09-29;2079-06-06
1644412015;174913779;689634111;0;7;63650101001;2025-09-29;2025-09-29;2079-06-06
1644412017;174913779;689634111;0;15;90;2025-09-29;2025-09-29;2079-06-06
1644412019;174913779;689634111;0;21;63650101;2025-09-29;2025-09-29;2079-06-06
1644412021;174913780;689634112;0;2;6449;2025-09-29;2025-09-29;2079-06-06
1644412023;174913780;689634112;0;7;63650101001;2025-09-29;2025-09-29;2079-06-06
1644412025;174913780;689634112;0;15;91;2025-09-29;2025-09-29;2079-06-06
1644412027;174913780;689634112;0;21;63650101;2025-09-29;2025-09-29;2079-06-06
1644412029;174913781;689634113;0;2;6449;2025-09-29;2025-09-29;2079-06-06
1644412031;174913781;689634113;0;7;63650101001;2025-09-29;2025-09-29;2079-06-06
1644412033;174913781;689634113;0;15;92;2025-09-29;2025-09-29;2079-06-06
1644412035;174913781;689634113;0;21;63650101;2025-09-29;2025-09-29;2079-06-06
1644412127;42050086;689634141;0;8;64:48:030126:1123;2025-09-29;2025-09-29;2079-06-06
1644412136;96691758;689634143;0;8;64:48:030402:1216;2025-09-29;2025-09-29;2079-06-06
1644412201;56124026;689634161;0;8;64:26:080735:139;2025-09-29;2025-09-29;2079-06-06
1644412215;56040285;689634167;0;8;64:26:080660:53;2025-09-29;2025-09-29;2079-06-06
1644412234;47645708;689634173;0;8;64:26:080647:58;2025-09-29;2025-09-29;2079-06-06
1644412265;78408984;689634179;0;8;64:26:080714:41;2025-09-29;2025-09-29;2079-06-06
1644412126;29120493;689634140;0;8;64:26:080727:22;2025-09-29;2025-09-29;2079-06-06
1644412148;96665360;689634146;0;8;64:48:030402:1571;2025-09-29;2025-09-29;2079-06-06
1644412150;96665361;689634148;0;8;64:48:000000:217166;2025-09-29;2025-09-29;2079-06-06
1644412202;60623880;689634162;0;8;64:26:080737:54;2025-09-29;2025-09-29;2079-06-06
1644412225;2274463;689634170;0;8;64:26:000000:3296;2025-09-29;2025-09-29;2079-06-06
172723217;29077865;44661094;689634182;8;64:18:05/901:315;2025-09-29;2015-10-06;2025-09-29
1644412291;174913806;689634184;0;7;63701000001;2025-09-29;2025-09-29;2079-06-06
1644412293;174913806;689634184;0;1;6453;2025-09-29;2025-09-29;2079-06-06
1644412295;174913806;689634184;0;6;63401376000;2025-09-29;2025-09-29;2079-06-06
1644412297;174913806;689634184;0;13;637010000010000072720029000000000;2025-09-29;2025-09-29;2079-06-06
1644412345;174913812;689634190;0;1;6432;2025-09-29;2025-09-29;2079-06-06
1644412347;174913812;689634190;0;6;63201000000;2025-09-29;2025-09-29;2079-06-06
1644412349;174913812;689634190;0;8;64:32:025312:675;2025-09-29;2025-09-29;2079-06-06
1644412351;174913812;689634190;0;13;637010000007617000020085000000000;2025-09-29;2025-09-29;2079-06-06
612450303;95657867;139322894;689634198;8;64:48:060228:118;2025-09-29;2020-02-19;2025-09-29
1644412389;2258400;689634200;0;8;64:26:000000:3138;2025-09-29;2025-09-29;2079-06-06
1644412396;95674999;689634204;0;8;64:48:000000:26952;2025-09-29;2025-09-29;2079-06-06
1644412377;2262707;689634197;0;8;64:26:080673:68;2025-09-29;2025-09-29;2079-06-06
1644412418;18913706;689634208;0;8;64:26:080620:36;2025-09-29;2025-09-29;2079-06-06
1644412499;28795781;689634227;0;8;64:26:080607:27;2025-09-29;2025-09-29;2079-06-06
1644412509;174913826;689634229;0;2;6450;2025-09-29;2025-09-29;2079-06-06
1644412511;174913826;689634229;0;4;6452;2025-09-29;2025-09-29;2079-06-06
1644412513;174913826;689634229;0;7;63701000001;2025-09-29;2025-09-29;2079-06-06
1644412515;174913826;689634229;0;15;6;2025-09-29;2025-09-29;2079-06-06
1644412517;174913826;689634229;0;21;63701000;2025-09-29;2025-09-29;2079-06-06
1644412519;174913827;689634230;0;2;6450;2025-09-29;2025-09-29;2079-06-06
1644412521;174913827;689634230;0;4;6452;2025-09-29;2025-09-29;2079-06-06
1644412523;174913827;689634230;0;7;63701000001;2025-09-29;2025-09-29;2079-06-06
1644412525;174913827;689634230;0;15;7;2025-09-29;2025-09-29;2079-06-06
1644412527;174913827;689634230;0;21;63701000;2025-09-29;2025-09-29;2079-06-06
1644412500;174913825;689634228;0;1;6450;2025-09-29;2025-09-29;2079-06-06
1644412502;174913825;689634228;0;6;63401364000;2025-09-29;2025-09-29;2079-06-06
1644412504;174913825;689634228;0;8;64:48:010122:879;2025-09-29;2025-09-29;2079-06-06
1644412506;174913825;689634228;0;13;637010000017751775820065000000000;2025-09-29;2025-09-29;2079-06-06
1644412592;2259338;689634240;0;8;64:26:000000:3139;2025-09-29;2025-09-29;2079-06-06
1644412593;174913835;689634241;0;1;6450;2025-09-29;2025-09-29;2079-06-06
1644412595;174913835;689634241;0;6;63401364000;2025-09-29;2025-09-29;2079-06-06
1644412597;174913835;689634241;0;8;64:48:010122:878;2025-09-29;2025-09-29;2079-06-06
1644412599;174913835;689634241;0;13;637010000017751775820066000000000;2025-09-29;2025-09-29;2079-06-06
1644412611;53853375;689634243;0;8;64:26:080744:88;2025-09-29;2025-09-29;2079-06-06
1644412684;1555833;689634255;0;8;64:10:060590:47;2025-09-29;2025-09-29;2079-06-06
1644412726;29418595;689634266;0;8;64:26:120501:276;2025-09-29;2025-09-29;2079-06-06
1644412677;174913844;689634254;0;2;6453;2025-09-29;2025-09-29;2079-06-06
1644412679;174913844;689634254;0;7;63701000001;2025-09-29;2025-09-29;2079-06-06
1644412681;174913844;689634254;0;15;13;2025-09-29;2025-09-29;2079-06-06
1644412683;174913844;689634254;0;21;63701000;2025-09-29;2025-09-29;2079-06-06
1644412757;174913854;689634274;0;1;6450;2025-09-29;2025-09-29;2079-06-06
1644412759;174913854;689634274;0;6;63401364000;2025-09-29;2025-09-29;2079-06-06
1644412761;174913854;689634274;0;8;64:48:010107:1093;2025-09-29;2025-09-29;2079-06-06
1644412763;174913854;689634274;0;13;637010000010000675320011000000000;2025-09-29;2025-09-29;2079-06-06
1644412776;53926950;689634278;0;8;64:26:080666:85;2025-09-29;2025-09-29;2079-06-06
1644412788;174913857;689634282;0;2;6453;2025-09-29;2025-09-29;2079-06-06
1644412790;174913857;689634282;0;7;63701000001;2025-09-29;2025-09-29;2079-06-06
1644412792;174913857;689634282;0;15;6;2025-09-29;2025-09-29;2079-06-06
1644412794;174913857;689634282;0;21;63701000;2025-09-29;2025-09-29;2079-06-06
1644412766;174913855;689634275;0;2;6451;2025-09-29;2025-09-29;2079-06-06
1644412768;174913855;689634275;0;7;63701000001;2025-09-29;2025-09-29;2079-06-06
1644412770;174913855;689634275;0;15;1;2025-09-29;2025-09-29;2079-06-06
1644412772;174913855;689634275;0;21;63701000;2025-09-29;2025-09-29;2079-06-06
1644412832;174913862;689634297;0;1;6450;2025-09-29;2025-09-29;2079-06-06
1644412834;174913862;689634297;0;6;63401364000;2025-09-29;2025-09-29;2079-06-06
1644412836;174913862;689634297;0;8;64:48:010116:1265;2025-09-29;2025-09-29;2079-06-06
1644412838;174913862;689634297;0;13;637010000010000510320029000000000;2025-09-29;2025-09-29;2079-06-06
1644412857;174913865;689634301;0;1;6432;2025-09-29;2025-09-29;2079-06-06
1644412859;174913865;689634301;0;6;63201000000;2025-09-29;2025-09-29;2079-06-06
1644412861;174913865;689634301;0;8;64:34:271701:408;2025-09-29;2025-09-29;2079-06-06
1644412863;174913865;689634301;0;13;637010000008217000020014000000000;2025-09-29;2025-09-29;2079-06-06
1644412865;174913866;689634302;0;1;6450;2025-09-29;2025-09-29;2079-06-06
1644412867;174913866;689634302;0;6;63401364000;2025-09-29;2025-09-29;2079-06-06
1644412869;174913866;689634302;0;8;64:48:010111:5437;2025-09-29;2025-09-29;2079-06-06
1644412871;174913866;689634302;0;13;637010000010000701620016000000000;2025-09-29;2025-09-29;2079-06-06
1644412905;174913871;689634307;0;1;6432;2025-09-29;2025-09-29;2079-06-06
1644412907;174913871;689634307;0;6;63201000000;2025-09-29;2025-09-29;2079-06-06
1644412909;174913871;689634307;0;8;64:34:271701:375;2025-09-29;2025-09-29;2079-06-06
1644412911;174913871;689634307;0;13;637010000008217000020015000000000;2025-09-29;2025-09-29;2079-06-06
1644412953;174913877;689634313;0;1;6432;2025-09-29;2025-09-29;2079-06-06
1644412955;174913877;689634313;0;6;63201000341;2025-09-29;2025-09-29;2079-06-06
1644412957;174913877;689634313;0;8;64:32:000000:24015;2025-09-29;2025-09-29;2079-06-06
1644412959;174913877;689634313;0;13;637010000007529000020014000000000;2025-09-29;2025-09-29;2079-06-06
1644412993;174913882;689634318;0;1;6451;2025-09-29;2025-09-29;2079-06-06
1644412995;174913882;689634318;0;6;63401368000;2025-09-29;2025-09-29;2079-06-06
1644412997;174913882;689634318;0;8;64:48:020136:138;2025-09-29;2025-09-29;2079-06-06
1644412999;174913882;689634318;0;13;637010000010000661820002000000000;2025-09-29;2025-09-29;2079-06-06
1644413001;174913883;689634319;0;1;6451;2025-09-29;2025-09-29;2079-06-06
1644413003;174913883;689634319;0;6;63401368000;2025-09-29;2025-09-29;2079-06-06
1644413005;174913883;689634319;0;8;64:48:020136:396;2025-09-29;2025-09-29;2079-06-06
1644413007;174913883;689634319;0;13;637010000010000661830003000000000;2025-09-29;2025-09-29;2079-06-06
1644413009;174913884;689634320;0;1;6451;2025-09-29;2025-09-29;2079-06-06
1644413011;174913884;689634320;0;6;63401368000;2025-09-29;2025-09-29;2079-06-06
1644413013;174913884;689634320;0;8;64:48:020136:395;2025-09-29;2025-09-29;2079-06-06
1644413015;174913884;689634320;0;13;637010000010000661830004000000000;2025-09-29;2025-09-29;2079-06-06
1644413117;174913897;689634333;0;1;6450;2025-09-29;2025-09-29;2079-06-06
1644413119;174913897;689634333;0;6;63401364000;2025-09-29;2025-09-29;2079-06-06
1644413121;174913897;689634333;0;8;64:48:010106:1854;2025-09-29;2025-09-29;2079-06-06
1644413123;174913897;689634333;0;13;637010000010000674820003000000000;2025-09-29;2025-09-29;2079-06-06
1644413133;174913899;689634335;0;1;6453;2025-09-29;2025-09-29;2079-06-06
1644413135;174913899;689634335;0;6;63401376000;2025-09-29;2025-09-29;2079-06-06
1644413137;174913899;689634335;0;8;64:48:040216:348;2025-09-29;2025-09-29;2079-06-06
1644413139;174913899;689634335;0;13;637010000010000678420010000000000;2025-09-29;2025-09-29;2079-06-06
1644413078;174913892;689634328;0;2;6451;2025-09-29;2025-09-29;2079-06-06
1644413080;174913892;689634328;0;7;63701000001;2025-09-29;2025-09-29;2079-06-06
1644413082;174913892;689634328;0;15;6;2025-09-29;2025-09-29;2079-06-06
1644413084;174913892;689634328;0;21;63701000;2025-09-29;2025-09-29;2079-06-06
1644413181;174913905;689634341;0;1;6451;2025-09-29;2025-09-29;2079-06-06
1644413183;174913905;689634341;0;6;63401368000;2025-09-29;2025-09-29;2079-06-06
1644413185;174913905;689634341;0;8;64:48:020356:488;2025-09-29;2025-09-29;2079-06-06
1644413187;174913905;689634341;0;13;637010000010000689220052000000000;2025-09-29;2025-09-29;2079-06-06
1644413250;174913914;689634350;0;1;6451;2025-09-29;2025-09-29;2079-06-06
1644413252;174913914;689634350;0;6;63401368000;2025-09-29;2025-09-29;2079-06-06
1644413254;174913914;689634350;0;8;64:48:020129:492;2025-09-29;2025-09-29;2079-06-06
1644413256;174913914;689634350;0;13;637010000010000659720001000000000;2025-09-29;2025-09-29;2079-06-06
1644413317;174913922;689634358;0;1;6450;2025-09-29;2025-09-29;2079-06-06
1644413319;174913922;689634358;0;3;6452;2025-09-29;2025-09-29;2079-06-06
1644413321;174913922;689634358;0;6;63401372000;2025-09-29;2025-09-29;2079-06-06
1644413323;174913922;689634358;0;8;64:48:020518:1067;2025-09-29;2025-09-29;2079-06-06
1644413325;174913922;689634358;0;13;637010000010000008930113000000000;2025-09-29;2025-09-29;2079-06-06
1644413327;174913923;689634359;0;1;6450;2025-09-29;2025-09-29;2079-06-06
1644413329;174913923;689634359;0;3;6452;2025-09-29;2025-09-29;2079-06-06
1644413331;174913923;689634359;0;6;63401372000;2025-09-29;2025-09-29;2079-06-06
1644413333;174913923;689634359;0;8;64:48:030225:1306;2025-09-29;2025-09-29;2079-06-06
1644413335;174913923;689634359;0;13;637010000010000008930114000000000;2025-09-29;2025-09-29;2079-06-06
1644413405;174913932;689634368;0;1;6453;2025-09-29;2025-09-29;2079-06-06
1644413407;174913932;689634368;0;6;63401376000;2025-09-29;2025-09-29;2079-06-06
1644413409;174913932;689634368;0;8;64:48:040657:543;2025-09-29;2025-09-29;2079-06-06
1644413411;174913932;689634368;0;13;637010000010000050420171000000000;2025-09-29;2025-09-29;2079-06-06
1644413437;174913936;689634372;0;1;6432;2025-09-29;2025-09-29;2079-06-06
1644413439;174913936;689634372;0;6;63201000241;2025-09-29;2025-09-29;2079-06-06
1644413441;174913936;689634372;0;8;64:32:025103:490;2025-09-29;2025-09-29;2079-06-06
1644413443;174913936;689634372;0;13;636434961160000001320019000000000;2025-09-29;2025-09-29;2079-06-06
1644413487;174913942;689634378;0;1;6432;2025-09-29;2025-09-29;2079-06-06
1644413489;174913942;689634378;0;6;63201558000;2025-09-29;2025-09-29;2079-06-06
1644413491;174913942;689634378;0;8;64:32:000000:19427;2025-09-29;2025-09-29;2079-06-06
1644413493;174913942;689634378;0;13;636431580510000007620013000000000;2025-09-29;2025-09-29;2079-06-06
1644413594;174913956;689634392;0;1;6453;2025-09-29;2025-09-29;2079-06-06
1644413596;174913956;689634392;0;6;63401376000;2025-09-29;2025-09-29;2079-06-06
1644413598;174913956;689634392;0;8;64:48:040321:58;2025-09-29;2025-09-29;2079-06-06
1644413600;174913956;689634392;0;13;637010000010000072730030000000000;2025-09-29;2025-09-29;2079-06-06
1644413677;174913967;689634404;0;1;6450;2025-09-29;2025-09-29;2079-06-06
1644413679;174913967;689634404;0;6;63401372000;2025-09-29;2025-09-29;2079-06-06
1644413680;174913967;689634404;0;7;63701000001;2025-09-29;2025-09-29;2079-06-06
1644413682;174913967;689634404;0;15;590;2025-09-29;2025-09-29;2079-06-06
1644413684;174913967;689634404;0;21;63701000;2025-09-29;2025-09-29;2079-06-06
1644413686;174913968;689634405;0;2;6450;2025-09-29;2025-09-29;2079-06-06
1644413688;174913968;689634405;0;7;63701000001;2025-09-29;2025-09-29;2079-06-06
1644413690;174913968;689634405;0;15;591;2025-09-29;2025-09-29;2079-06-06
1644413692;174913968;689634405;0;21;63701000;2025-09-29;2025-09-29;2079-06-06
1644413694;174913969;689634406;0;2;6450;2025-09-29;2025-09-29;2079-06-06
1644413696;174913969;689634406;0;7;63701000001;2025-09-29;2025-09-29;2079-06-06
1644413698;174913969;689634406;0;15;592;2025-09-29;2025-09-29;2079-06-06
1644413700;174913969;689634406;0;21;63701000;2025-09-29;2025-09-29;2079-06-06
1644414829;174914133;689634906;0;2;6449;2025-09-29;2025-09-29;2079-06-06
1644414831;174914133;689634906;0;7;63650480116;2025-09-29;2025-09-29;2079-06-06
1644414833;174914133;689634906;0;15;131;2025-09-29;2025-09-29;2079-06-06
1644414835;174914133;689634906;0;21;63650480;2025-09-29;2025-09-29;2079-06-06
1644415265;174914186;689635024;0;2;6432;2025-09-29;2025-09-29;2079-06-06
1644415267;174914186;689635024;0;4;6444;2025-09-29;2025-09-29;2079-06-06
1644415269;174914186;689635024;0;7;63609410101;2025-09-29;2025-09-29;2079-06-06
1644415271;174914186;689635024;0;15;224;2025-09-29;2025-09-29;2079-06-06
1644415273;174914186;689635024;0;21;63609410;2025-09-29;2025-09-29;2079-06-06
1644415481;174914210;689635063;0;2;6450;2025-09-29;2025-09-29;2079-06-06
1644415483;174914210;689635063;0;7;63701000001;2025-09-29;2025-09-29;2079-06-06
1644415485;174914210;689635063;0;15;120;2025-09-29;2025-09-29;2079-06-06
1644415487;174914210;689635063;0;21;63701000;2025-09-29;2025-09-29;2079-06-06
1644415555;174914218;689635074;0;2;6453;2025-09-29;2025-09-29;2079-06-06
1644415557;174914218;689635074;0;7;63701000001;2025-09-29;2025-09-29;2079-06-06
1644415559;174914218;689635074;0;15;12;2025-09-29;2025-09-29;2079-06-06
1644415561;174914218;689635074;0;21;63701000;2025-09-29;2025-09-29;2079-06-06
1644416043;174914283;689635164;0;2;6450;2025-09-29;2025-09-29;2079-06-06
1644416045;174914283;689635164;0;7;63701000001;2025-09-29;2025-09-29;2079-06-06
1644416047;174914283;689635164;0;15;34;2025-09-29;2025-09-29;2079-06-06
1644416049;174914283;689635164;0;21;63701000;2025-09-29;2025-09-29;2079-06-06
1644424797;174915614;689637734;0;1;6439;2025-09-29;2025-09-29;2079-06-06
1644424808;174915615;689637737;0;1;6449;2025-09-29;2025-09-29;2079-06-06
1644424810;174915615;689637737;0;6;63226501000;2025-09-29;2025-09-29;2079-06-06
1644424812;174915615;689637737;0;15;44;2025-09-29;2025-09-29;2079-06-06
1644424814;174915615;689637737;0;21;63626101;2025-09-29;2025-09-29;2079-06-06
1644424818;14936585;689637740;0;8;64:21:110201:33;2025-09-29;2025-09-29;2079-06-06
1644424831;50440094;689637745;0;8;64:44:030107:59;2025-09-29;2025-09-29;2079-06-06
1644424900;19025254;689637767;0;8;64:44:040132:60;2025-09-29;2025-09-29;2079-06-06
1644424799;174915614;689637734;0;3;6445;2025-09-29;2025-09-29;2079-06-06
1644424801;174915614;689637734;0;6;63219000041;2025-09-29;2025-09-29;2079-06-06
1644424803;174915614;689637734;0;8;64:14:210101:1805;2025-09-29;2025-09-29;2079-06-06
1644424805;174915614;689637734;0;13;636194151010000000420182000000000;2025-09-29;2025-09-29;2079-06-06
1643922487;29165838;689499096;689637736;8;64:21:110902:343;2025-09-29;2025-09-24;2025-09-29
1644424819;174915617;689637741;0;1;6449;2025-09-29;2025-09-29;2079-06-06
1644424821;174915617;689637741;0;6;63226501000;2025-09-29;2025-09-29;2079-06-06
1644424823;174915617;689637741;0;15;51;2025-09-29;2025-09-29;2079-06-06
1644424825;174915617;689637741;0;21;63626101;2025-09-29;2025-09-29;2079-06-06
1348957113;53806913;478182502;689637746;8;64:21:090310:151;2025-09-29;2022-11-23;2025-09-29
1644424834;53808060;689637748;0;8;64:21:090307:144;2025-09-29;2025-09-29;2079-06-06
1511662229;19783980;594535725;689637766;8;64:21:090310:141;2025-09-29;2024-05-06;2025-09-29
1494151366;19785219;582337297;689637768;8;64:21:090310:123;2025-09-29;2024-01-04;2025-09-29
1348958735;19784297;478184129;689637770;8;64:21:090310:129;2025-09-29;2022-11-23;2025-09-29
1644425003;174915635;689637805;0;1;6449;2025-09-29;2025-09-29;2079-06-06
1644425005;174915635;689637805;0;6;63226501000;2025-09-29;2025-09-29;2079-06-06
1644425007;174915635;689637805;0;8;64:44:020101:2021;2025-09-29;2025-09-29;2079-06-06
1644425009;174915635;689637805;0;13;636261010010000000620010000000000;2025-09-29;2025-09-29;2079-06-06
1644425617;43030159;689638006;0;8;64:44:050102:91;2025-09-29;2025-09-29;2079-06-06
1348957104;19784197;478182493;689638025;8;64:21:090310:142;2025-09-29;2022-11-23;2025-09-29
135356417;22091649;34460860;689638026;8;64:21:010205:0038:01:01;2025-09-29;2016-12-19;2025-09-29
1644425832;65268345;689638047;0;8;64:21:010202:416;2025-09-29;2025-09-29;2079-06-06
1644425846;65331207;689638060;0;8;64:21:010202:275;2025-09-29;2025-09-29;2079-06-06
1644425854;44979557;689638110;0;8;64:21:070102:129;2025-09-29;2025-09-29;2079-06-06
1644425856;44955821;689638112;0;8;64:21:070102:207;2025-09-29;2025-09-29;2079-06-06
1644425953;21082554;689638144;0;8;64:21:070102:182;2025-09-29;2025-09-29;2079-06-06
1644425975;21074380;689638154;0;8;64:21:070102:136;2025-09-29;2025-09-29;2079-06-06
1644425994;53373436;689638163;0;8;64:21:000000:386;2025-09-29;2025-09-29;2079-06-06
1644426005;53380490;689638167;0;8;64:21:111001:143;2025-09-29;2025-09-29;2079-06-06
1644437033;69898742;689641652;0;8;64:35:350262:20;2025-09-29;2025-09-29;2079-06-06
1644437208;174917517;689641677;0;2;6432;2025-09-29;2025-09-29;2079-06-06
1644437210;174917517;689641677;0;4;6446;2025-09-29;2025-09-29;2079-06-06
1644437212;174917517;689641677;0;7;63641101001;2025-09-29;2025-09-29;2079-06-06
1644437214;174917517;689641677;0;15;78;2025-09-29;2025-09-29;2079-06-06
1644437216;174917517;689641677;0;21;63641101;2025-09-29;2025-09-29;2079-06-06
1644437275;27861950;689641709;0;8;64:20:011801:1053;2025-09-29;2025-09-29;2079-06-06
1644437244;174917521;689641683;0;2;6449;2025-09-29;2025-09-29;2079-06-06
1644437246;174917521;689641683;0;7;63626458101;2025-09-29;2025-09-29;2079-06-06
1644437248;174917521;689641683;0;15;6;2025-09-29;2025-09-29;2079-06-06
1644437250;174917521;689641683;0;21;63626458;2025-09-29;2025-09-29;2079-06-06
1644437682;23493337;689642123;0;8;64:10:060314:25;2025-09-29;2025-09-29;2079-06-06
1644437679;19774281;689642120;0;8;64:10:060437:1600;2025-09-29;2025-09-29;2079-06-06
1644437810;43417360;689642148;0;8;64:10:060437:2917;2025-09-29;2025-09-29;2079-06-06
1644437851;43433863;689642154;0;8;64:10:060437:2733;2025-09-29;2025-09-29;2079-06-06
1644439172;1854928;689642671;0;8;64:10:060437:2004;2025-09-29;2025-09-29;2079-06-06
1644439216;45158691;689642689;0;8;64:10:060437:3132;2025-09-29;2025-09-29;2079-06-06
1644439287;174917872;689642713;0;1;6439;2025-09-29;2025-09-29;2079-06-06
1644439289;174917872;689642713;0;6;63213551000;2025-09-29;2025-09-29;2079-06-06
1644439291;174917872;689642713;0;8;64:10:060437:1129;2025-09-29;2025-09-29;2079-06-06
1644439293;174917872;689642713;0;13;636131510510000007220306000000000;2025-09-29;2025-09-29;2079-06-06
1644439328;174917876;689642721;0;1;6439;2025-09-29;2025-09-29;2079-06-06
1644439330;174917876;689642721;0;6;63213551000;2025-09-29;2025-09-29;2079-06-06
1644439332;174917876;689642721;0;8;64:10:060109:21;2025-09-29;2025-09-29;2079-06-06
1644439334;174917876;689642721;0;13;636131510510000011520029000000000;2025-09-29;2025-09-29;2079-06-06
1644439340;28881182;689642727;0;8;64:10:060437:1355;2025-09-29;2025-09-29;2079-06-06
1644439374;174917879;689642744;0;2;6439;2025-09-29;2025-09-29;2079-06-06
1644439376;174917879;689642744;0;7;63613151121;2025-09-29;2025-09-29;2079-06-06
1644439378;174917879;689642744;0;15;74;2025-09-29;2025-09-29;2079-06-06
1644439380;174917879;689642744;0;21;63613151;2025-09-29;2025-09-29;2079-06-06
1644439545;14360707;689642777;0;8;64:10:040203:188;2025-09-29;2025-09-29;2079-06-06
1644439517;14349956;689642768;0;8;64:10:040203:172;2025-09-29;2025-09-29;2079-06-06
1494146470;77325331;582332401;689644792;8;64:05:020104:115;2025-09-29;2024-01-04;2025-09-29
1644448653;72588967;689644797;0;8;64:05:020105:101;2025-09-29;2025-09-29;2079-06-06
1644448650;105214071;689644794;0;8;64:05:020102:420;2025-09-29;2025-09-29;2079-06-06
1644448652;105214072;689644796;0;8;64:05:020102:421;2025-09-29;2025-09-29;2079-06-06
1644448654;5661997;689644798;0;8;64:05:020105:323;2025-09-29;2025-09-29;2079-06-06
1644448969;4490659;689644840;0;8;64:05:020106:302;2025-09-29;2025-09-29;2079-06-06
1644448981;45569421;689644843;0;8;64:45:030308:318;2025-09-29;2025-09-29;2079-06-06
1644449015;23103983;689644849;0;8;64:05:020106:306;2025-09-29;2025-09-29;2079-06-06
1644449014;23111351;689644848;0;8;64:05:020107:316;2025-09-29;2025-09-29;2079-06-06
1644449040;57160602;689644853;0;8;64:05:020102:416;2025-09-29;2025-09-29;2079-06-06
1644449085;29106282;689644900;0;8;64:27:000000:1476;2025-09-29;2025-09-29;2079-06-06
1644449083;73713016;689644897;0;8;64:27:040210:352;2025-09-29;2025-09-29;2079-06-06
1644449084;28976427;689644899;0;8;64:27:060218:535;2025-09-29;2025-09-29;2079-06-06
1644449704;10413386;689645102;0;8;64:17:000000:1981;2025-09-29;2025-09-29;2079-06-06
1644454974;6699703;689645966;0;8;64:16:100230:31;2025-09-29;2025-09-29;2079-06-06
1644454941;58161749;689645961;0;8;64:16:100227:33;2025-09-29;2025-09-29;2079-06-06
1644544410;174932898;689673964;0;2;6432;2025-09-29;2025-09-29;2079-06-06
1644544412;174932898;689673964;0;7;63701000;2025-09-29;2025-09-29;2079-06-06
1644544414;174932898;689673964;0;15;18;2025-09-29;2025-09-29;2079-06-06
1644544416;174932898;689673964;0;21;63701000;2025-09-29;2025-09-29;2079-06-06
1644544588;174932917;689673996;0;2;6449;2025-09-29;2025-09-29;2079-06-06
1644544590;174932917;689673996;0;7;63650440;2025-09-29;2025-09-29;2079-06-06
1644544592;174932917;689673996;0;15;16;2025-09-29;2025-09-29;2079-06-06
1644544594;174932917;689673996;0;21;63650440;2025-09-29;2025-09-29;2079-06-06
1644544596;174932918;689673997;0;2;6449;2025-09-29;2025-09-29;2079-06-06
1644544598;174932918;689673997;0;7;63650440;2025-09-29;2025-09-29;2079-06-06
1644544600;174932918;689673997;0;15;17;2025-09-29;2025-09-29;2079-06-06
1644544602;174932918;689673997;0;21;63650440;2025-09-29;2025-09-29;2079-06-06
1644544955;174932953;689674048;0;2;6432;2025-09-29;2025-09-29;2079-06-06
1644544957;174932953;689674048;0;4;6444;2025-09-29;2025-09-29;2079-06-06
1644544959;174932953;689674048;0;7;63635101001;2025-09-29;2025-09-29;2079-06-06
1644544961;174932953;689674048;0;15;319;2025-09-29;2025-09-29;2079-06-06
1644544963;174932953;689674048;0;21;63635101;2025-09-29;2025-09-29;2079-06-06
1644544979;174932955;689674052;0;2;6432;2025-09-29;2025-09-29;2079-06-06
1644544981;174932955;689674052;0;4;6444;2025-09-29;2025-09-29;2079-06-06
1644544983;174932955;689674052;0;7;63635101001;2025-09-29;2025-09-29;2079-06-06
1644544985;174932955;689674052;0;15;320;2025-09-29;2025-09-29;2079-06-06
1644544987;174932955;689674052;0;21;63635101;2025-09-29;2025-09-29;2079-06-06
1644544989;174932956;689674053;0;2;6432;2025-09-29;2025-09-29;2079-06-06
1644544991;174932956;689674053;0;4;6444;2025-09-29;2025-09-29;2079-06-06
1644544993;174932956;689674053;0;7;63635101001;2025-09-29;2025-09-29;2079-06-06
1644544995;174932956;689674053;0;15;321;2025-09-29;2025-09-29;2079-06-06
1644544997;174932956;689674053;0;21;63635101;2025-09-29;2025-09-29;2079-06-06
1644545001;174932957;689674055;0;2;6450;2025-09-29;2025-09-29;2079-06-06
1644545003;174932957;689674055;0;7;63701000001;2025-09-29;2025-09-29;2079-06-06
1644545005;174932957;689674055;0;15;69;2025-09-29;2025-09-29;2079-06-06
1644545007;174932957;689674055;0;21;63701000;2025-09-29;2025-09-29;2079-06-06
1644546026;174933106;689674323;0;2;6450;2025-09-29;2025-09-29;2079-06-06
1644546028;174933106;689674323;0;4;6452;2025-09-29;2025-09-29;2079-06-06
1644546030;174933106;689674323;0;7;63701000001;2025-09-29;2025-09-29;2079-06-06
1644546032;174933106;689674323;0;19;1;2025-09-29;2025-09-29;2079-06-06
1644546034;174933106;689674323;0;13;637010000010000789120012000000000;2025-09-29;2025-09-29;2079-06-06
1644546243;174933132;689674394;0;1;6432;2025-09-29;2025-09-29;2079-06-06
1644546245;174933132;689674394;0;6;63201000000;2025-09-29;2025-09-29;2079-06-06
1644546247;174933132;689674394;0;8;64:32:070121:2346;2025-09-29;2025-09-29;2079-06-06
1644546249;174933132;689674394;0;13;637010000007641000020139000000000;2025-09-29;2025-09-29;2079-06-06
1644546338;174933205;689674474;0;1;6432;2025-09-29;2025-09-29;2079-06-06
1644546340;174933205;689674474;0;6;63201000111;2025-09-29;2025-09-29;2079-06-06
1644546342;174933205;689674474;0;8;64:32:023811:419;2025-09-29;2025-09-29;2079-06-06
1644546344;174933205;689674474;0;13;636434961060000001820012000000000;2025-09-29;2025-09-29;2079-06-06
1644546210;174933129;689674387;0;1;6450;2025-09-29;2025-09-29;2079-06-06
1644546212;174933129;689674387;0;3;6452;2025-09-29;2025-09-29;2079-06-06
1644546214;174933129;689674387;0;6;63401372000;2025-09-29;2025-09-29;2079-06-06
1644546216;174933129;689674387;0;8;64:48:030109:846;2025-09-29;2025-09-29;2079-06-06
1644546218;174933129;689674387;0;13;637010000010000643720005000000000;2025-09-29;2025-09-29;2079-06-06
1644546366;174933207;689674485;0;1;6450;2025-09-29;2025-09-29;2079-06-06
1644546368;174933207;689674485;0;6;63401364000;2025-09-29;2025-09-29;2079-06-06
1644546370;174933207;689674485;0;8;64:48:000000:41091;2025-09-29;2025-09-29;2079-06-06
1644546372;174933207;689674485;0;13;637010000010000761730010000000000;2025-09-29;2025-09-29;2079-06-06
1644546391;174933209;689674491;0;1;6450;2025-09-29;2025-09-29;2079-06-06
1644546393;174933209;689674491;0;6;63401364000;2025-09-29;2025-09-29;2079-06-06
1644546395;174933209;689674491;0;8;64:48:000000:40940;2025-09-29;2025-09-29;2079-06-06
1644546397;174933209;689674491;0;13;637010000010000761730011000000000;2025-09-29;2025-09-29;2079-06-06
1644546589;40859590;689674523;0;8;64:45:000000:1441;2025-09-29;2025-09-29;2079-06-06
1644546419;174933212;689674495;0;1;6450;2025-09-29;2025-09-29;2079-06-06
1644546421;174933212;689674495;0;6;63401364000;2025-09-29;2025-09-29;2079-06-06
1644546423;174933212;689674495;0;8;64:32:000000:1060;2025-09-29;2025-09-29;2079-06-06
1644546425;174933212;689674495;0;13;637010000010000761730012000000000;2025-09-29;2025-09-29;2079-06-06
1644546526;174933225;689674510;0;1;6450;2025-09-29;2025-09-29;2079-06-06
1644546528;174933225;689674510;0;6;63401364000;2025-09-29;2025-09-29;2079-06-06
1644546530;174933225;689674510;0;8;64:32:000000:1114;2025-09-29;2025-09-29;2079-06-06
1644546532;174933225;689674510;0;13;637010000010000761730013000000000;2025-09-29;2025-09-29;2079-06-06
1644546697;174933241;689674554;0;1;6432;2025-09-29;2025-09-29;2079-06-06
1644546699;174933241;689674554;0;3;6444;2025-09-29;2025-09-29;2079-06-06
1644546701;174933241;689674554;0;6;63235501000;2025-09-29;2025-09-29;2079-06-06
1644546703;174933241;689674554;0;8;64:45:021502:274;2025-09-29;2025-09-29;2079-06-06
1644546705;174933241;689674554;0;13;636351010010000024720029000000000;2025-09-29;2025-09-29;2079-06-06
1644546720;10495187;689674560;0;8;64:45:030311:67;2025-09-29;2025-09-29;2079-06-06
1644546641;174933236;689674539;0;2;6451;2025-09-29;2025-09-29;2079-06-06
1644546643;174933236;689674539;0;7;63701000;2025-09-29;2025-09-29;2079-06-06
1644546645;174933236;689674539;0;15;100;2025-09-29;2025-09-29;2079-06-06
1644546647;174933236;689674539;0;21;63701000;2025-09-29;2025-09-29;2079-06-06
1644548376;30665757;689674913;0;8;64:38:080901:2985;2025-09-29;2025-09-29;2079-06-06
1644557098;13416182;689678141;0;8;64:07:050204:270;2025-09-29;2025-09-29;2079-06-06
1644557603;174934648;689678228;0;1;6432;2025-09-29;2025-09-29;2079-06-06
1644557605;174934648;689678228;0;3;6444;2025-09-29;2025-09-29;2079-06-06
1644557607;174934648;689678228;0;6;63209000001;2025-09-29;2025-09-29;2079-06-06
1644557609;174934648;689678228;0;8;64:07:050128:942;2025-09-29;2025-09-29;2079-06-06
1644557615;174934648;689678228;0;13;636094101010000002220042000000000;2025-09-29;2025-09-29;2079-06-06
1644557627;24531892;689678232;0;13;636094101010000002220002000000010;2025-09-29;2025-09-29;2079-06-06
1644558267;81927926;689678330;0;13;636094101010000000620144000000010;2025-09-29;2025-09-29;2079-06-06
1644558435;174934742;689678391;0;1;6432;2025-09-29;2025-09-29;2079-06-06
1644558437;174934742;689678391;0;3;6444;2025-09-29;2025-09-29;2079-06-06
1644558439;174934742;689678391;0;6;63209000001;2025-09-29;2025-09-29;2079-06-06
1644558441;174934742;689678391;0;8;64:07:050128:2064;2025-09-29;2025-09-29;2079-06-06
1644558465;174934742;689678391;0;13;636094101010000000620245000000000;2025-09-29;2025-09-29;2079-06-06
1644558711;174934765;689678475;0;1;6432;2025-09-29;2025-09-29;2079-06-06
1644558713;174934765;689678475;0;6;63229551000;2025-09-29;2025-09-29;2079-06-06
1644558715;174934765;689678475;0;8;64:21:130210:110;2025-09-29;2025-09-29;2079-06-06
1644558717;174934765;689678475;0;13;636291510510000001820401000000000;2025-09-29;2025-09-29;2079-06-06
1643347482;84294516;689301192;689678479;8;64:21:130706:911;2025-09-29;2025-09-22;2025-09-29
1644558731;174934767;689678481;0;1;6432;2025-09-29;2025-09-29;2079-06-06
1644558733;174934767;689678481;0;6;63229551000;2025-09-29;2025-09-29;2079-06-06
1644558735;174934767;689678481;0;8;64:21:130207:66;2025-09-29;2025-09-29;2079-06-06
1644558737;174934767;689678481;0;13;636291510510000001820403000000000;2025-09-29;2025-09-29;2079-06-06
1643348795;24599406;689301511;689678489;8;64:21:130706:2617;2025-09-29;2025-09-22;2025-09-29
1643341917;82217479;689299646;689678455;8;64:21:130706:1744;2025-09-29;2025-09-22;2025-09-29
1643342193;82232092;689299693;689678472;8;64:21:130706:100;2025-09-29;2025-09-22;2025-09-29
1643347101;84310351;689301012;689678476;8;64:21:130706:2758;2025-09-29;2025-09-22;2025-09-29
1644558720;174934766;689678478;0;1;6432;2025-09-29;2025-09-29;2079-06-06
1644558722;174934766;689678478;0;6;63229551000;2025-09-29;2025-09-29;2079-06-06
1644558724;174934766;689678478;0;8;64:21:130208:66;2025-09-29;2025-09-29;2079-06-06
1644558726;174934766;689678478;0;13;636291510510000001820402000000000;2025-09-29;2025-09-29;2079-06-06
1643348021;84296306;689301345;689678482;8;64:21:130706:1760;2025-09-29;2025-09-22;2025-09-29
1643348136;24563304;689301388;689678484;8;64:21:130706:2609;2025-09-29;2025-09-22;2025-09-29
1643348411;24595282;689301446;689678486;8;64:21:130706:927;2025-09-29;2025-09-22;2025-09-29
1644558840;81969213;689678520;0;13;636094101010000000620038000000010;2025-09-29;2025-09-29;2079-06-06
1644560629;174935148;689679089;0;1;6432;2025-09-29;2025-09-29;2079-06-06
1644560631;174935148;689679089;0;3;6444;2025-09-29;2025-09-29;2079-06-06
1644560633;174935148;689679089;0;6;63209000001;2025-09-29;2025-09-29;2079-06-06
1644560635;174935148;689679089;0;8;64:07:050126:30;2025-09-29;2025-09-29;2079-06-06
1644560637;174935148;689679089;0;13;636094101010000000630246000000000;2025-09-29;2025-09-29;2079-06-06
1644561177;174935208;689679195;0;1;6449;2025-09-29;2025-09-29;2079-06-06
1644561179;174935208;689679195;0;6;63250501000;2025-09-29;2025-09-29;2079-06-06
1644561181;174935208;689679195;0;8;64:50:000000:79862;2025-09-29;2025-09-29;2079-06-06
1644561183;174935208;689679195;0;13;636501010010767000020093000000000;2025-09-29;2025-09-29;2079-06-06
1644561185;174935209;689679196;0;1;6449;2025-09-29;2025-09-29;2079-06-06
1644561187;174935209;689679196;0;6;63250501000;2025-09-29;2025-09-29;2079-06-06
1644561189;174935209;689679196;0;8;64:50:000000:80099;2025-09-29;2025-09-29;2079-06-06
1644561191;174935209;689679196;0;13;636501010010767000020094000000000;2025-09-29;2025-09-29;2079-06-06
1644561193;174935210;689679197;0;1;6449;2025-09-29;2025-09-29;2079-06-06
1644561195;174935210;689679197;0;6;63250501000;2025-09-29;2025-09-29;2079-06-06
1644561197;174935210;689679197;0;8;64:50:000000:80134;2025-09-29;2025-09-29;2079-06-06
1644561199;174935210;689679197;0;13;636501010010767000020095000000000;2025-09-29;2025-09-29;2079-06-06
1644561201;174935211;689679198;0;1;6449;2025-09-29;2025-09-29;2079-06-06
1644561203;174935211;689679198;0;6;63250501000;2025-09-29;2025-09-29;2079-06-06
1644561205;174935211;689679198;0;8;64:50:000000:79626;2025-09-29;2025-09-29;2079-06-06
1644561286;174935221;689679208;0;15;106;2025-09-29;2025-09-29;2079-06-06
1644561208;174935211;689679198;0;21;63650101;2025-09-29;2025-09-29;2079-06-06
1644561210;174935212;689679199;0;2;6449;2025-09-29;2025-09-29;2079-06-06
1644561212;174935212;689679199;0;7;63650101001;2025-09-29;2025-09-29;2079-06-06
1644561214;174935212;689679199;0;15;97;2025-09-29;2025-09-29;2079-06-06
1644561216;174935212;689679199;0;21;63650101;2025-09-29;2025-09-29;2079-06-06
1644561218;174935213;689679200;0;2;6449;2025-09-29;2025-09-29;2079-06-06
1644561220;174935213;689679200;0;7;63650101001;2025-09-29;2025-09-29;2079-06-06
1644561222;174935213;689679200;0;15;98;2025-09-29;2025-09-29;2079-06-06
1644561224;174935213;689679200;0;21;63650101;2025-09-29;2025-09-29;2079-06-06
1644561226;174935214;689679201;0;2;6449;2025-09-29;2025-09-29;2079-06-06
1644561228;174935214;689679201;0;7;63650101001;2025-09-29;2025-09-29;2079-06-06
1644561230;174935214;689679201;0;15;99;2025-09-29;2025-09-29;2079-06-06
1644561232;174935214;689679201;0;21;63650101;2025-09-29;2025-09-29;2079-06-06
1644561234;174935215;689679202;0;2;6449;2025-09-29;2025-09-29;2079-06-06
1644561236;174935215;689679202;0;7;63650101001;2025-09-29;2025-09-29;2079-06-06
1644561238;174935215;689679202;0;15;100;2025-09-29;2025-09-29;2079-06-06
1644561240;174935215;689679202;0;21;63650101;2025-09-29;2025-09-29;2079-06-06
1644561242;174935216;689679203;0;2;6449;2025-09-29;2025-09-29;2079-06-06
1644561244;174935216;689679203;0;7;63650101001;2025-09-29;2025-09-29;2079-06-06
1644561246;174935216;689679203;0;15;101;2025-09-29;2025-09-29;2079-06-06
1644561248;174935216;689679203;0;21;63650101;2025-09-29;2025-09-29;2079-06-06
1644561250;174935217;689679204;0;2;6449;2025-09-29;2025-09-29;2079-06-06
1644561252;174935217;689679204;0;7;63650101001;2025-09-29;2025-09-29;2079-06-06
1644561254;174935217;689679204;0;15;102;2025-09-29;2025-09-29;2079-06-06
1644561256;174935217;689679204;0;21;63650101;2025-09-29;2025-09-29;2079-06-06
1644561258;174935218;689679205;0;2;6449;2025-09-29;2025-09-29;2079-06-06
1644561260;174935218;689679205;0;7;63650101001;2025-09-29;2025-09-29;2079-06-06
1644561262;174935218;689679205;0;15;103;2025-09-29;2025-09-29;2079-06-06
1644561264;174935218;689679205;0;21;63650101;2025-09-29;2025-09-29;2079-06-06
1644561266;174935219;689679206;0;2;6449;2025-09-29;2025-09-29;2079-06-06
1644561268;174935219;689679206;0;7;63650101001;2025-09-29;2025-09-29;2079-06-06
1644561270;174935219;689679206;0;15;104;2025-09-29;2025-09-29;2079-06-06
1644561272;174935219;689679206;0;21;63650101;2025-09-29;2025-09-29;2079-06-06
1644561274;174935220;689679207;0;2;6449;2025-09-29;2025-09-29;2079-06-06
1644561276;174935220;689679207;0;7;63650101001;2025-09-29;2025-09-29;2079-06-06
1644561278;174935220;689679207;0;15;105;2025-09-29;2025-09-29;2079-06-06
1644561280;174935220;689679207;0;21;63650101;2025-09-29;2025-09-29;2079-06-06
1644561282;174935221;689679208;0;2;6449;2025-09-29;2025-09-29;2079-06-06
1644561284;174935221;689679208;0;7;63650101001;2025-09-29;2025-09-29;2079-06-06
1644561287;174935221;689679208;0;13;636501010010767000020106000000000;2025-09-29;2025-09-29;2079-06-06
1644561289;174935222;689679209;0;1;6449;2025-09-29;2025-09-29;2079-06-06
1644561291;174935222;689679209;0;6;63250501000;2025-09-29;2025-09-29;2079-06-06
1644561293;174935222;689679209;0;8;64:50:000000:79589;2025-09-29;2025-09-29;2079-06-06
1644561295;174935222;689679209;0;13;636501010010767000020107000000000;2025-09-29;2025-09-29;2079-06-06
1644561297;174935223;689679210;0;1;6449;2025-09-29;2025-09-29;2079-06-06
1644561299;174935223;689679210;0;6;63250501000;2025-09-29;2025-09-29;2079-06-06
1644561301;174935223;689679210;0;8;64:50:000000:79950;2025-09-29;2025-09-29;2079-06-06
1644561303;174935223;689679210;0;13;636501010010767000020108000000000;2025-09-29;2025-09-29;2079-06-06
1644561305;174935224;689679211;0;1;6449;2025-09-29;2025-09-29;2079-06-06
1644561307;174935224;689679211;0;6;63250501000;2025-09-29;2025-09-29;2079-06-06
1644561309;174935224;689679211;0;8;64:50:000000:79796;2025-09-29;2025-09-29;2079-06-06
1644561311;174935224;689679211;0;13;636501010010767000020109000000000;2025-09-29;2025-09-29;2079-06-06
1644561313;174935225;689679212;0;1;6449;2025-09-29;2025-09-29;2079-06-06
1644561315;174935225;689679212;0;6;63250501000;2025-09-29;2025-09-29;2079-06-06
1644561317;174935225;689679212;0;8;64:50:000000:79512;2025-09-29;2025-09-29;2079-06-06
1644561319;174935225;689679212;0;13;636501010010767000020110000000000;2025-09-29;2025-09-29;2079-06-06
1644561321;174935226;689679213;0;1;6449;2025-09-29;2025-09-29;2079-06-06
1644561323;174935226;689679213;0;6;63250501000;2025-09-29;2025-09-29;2079-06-06
1644561325;174935226;689679213;0;8;64:50:000000:79591;2025-09-29;2025-09-29;2079-06-06
1644561327;174935226;689679213;0;13;636501010010767000020111000000000;2025-09-29;2025-09-29;2079-06-06
1644561329;174935227;689679214;0;1;6449;2025-09-29;2025-09-29;2079-06-06
1644561331;174935227;689679214;0;6;63250501000;2025-09-29;2025-09-29;2079-06-06
1644561333;174935227;689679214;0;8;64:50:000000:79068;2025-09-29;2025-09-29;2079-06-06
1644561335;174935227;689679214;0;13;636501010010767000020112000000000;2025-09-29;2025-09-29;2079-06-06
1644561337;174935228;689679215;0;1;6449;2025-09-29;2025-09-29;2079-06-06
1644561339;174935228;689679215;0;6;63250501000;2025-09-29;2025-09-29;2079-06-06
1644561341;174935228;689679215;0;8;64:50:000000:79030;2025-09-29;2025-09-29;2079-06-06
1644561343;174935228;689679215;0;13;636501010010767000020113000000000;2025-09-29;2025-09-29;2079-06-06
1644561345;174935229;689679216;0;1;6449;2025-09-29;2025-09-29;2079-06-06
1644561347;174935229;689679216;0;6;63250501000;2025-09-29;2025-09-29;2079-06-06
1644561349;174935229;689679216;0;8;64:50:000000:80322;2025-09-29;2025-09-29;2079-06-06
1644561351;174935229;689679216;0;13;636501010010767000020114000000000;2025-09-29;2025-09-29;2079-06-06
1644561353;174935230;689679217;0;1;6449;2025-09-29;2025-09-29;2079-06-06
1644561355;174935230;689679217;0;6;63250501000;2025-09-29;2025-09-29;2079-06-06
1644561357;174935230;689679217;0;8;64:50:000000:78695;2025-09-29;2025-09-29;2079-06-06
1644561359;174935230;689679217;0;13;636501010010767000020115000000000;2025-09-29;2025-09-29;2079-06-06
1644563639;174935471;689679671;0;1;6449;2025-09-29;2025-09-29;2079-06-06
1644563641;174935471;689679671;0;6;63250501000;2025-09-29;2025-09-29;2079-06-06
1644563643;174935471;689679671;0;8;64:50:000000:78575;2025-09-29;2025-09-29;2079-06-06
1644563645;174935471;689679671;0;13;636501010010767000020116000000000;2025-09-29;2025-09-29;2079-06-06
1644563647;174935472;689679672;0;1;6449;2025-09-29;2025-09-29;2079-06-06
1644563649;174935472;689679672;0;6;63250501000;2025-09-29;2025-09-29;2079-06-06
1644563651;174935472;689679672;0;8;64:50:000000:80655;2025-09-29;2025-09-29;2079-06-06
1644563653;174935472;689679672;0;13;636501010010767000020117000000000;2025-09-29;2025-09-29;2079-06-06
1644563655;174935473;689679673;0;1;6449;2025-09-29;2025-09-29;2079-06-06
1644563657;174935473;689679673;0;6;63250501000;2025-09-29;2025-09-29;2079-06-06
1644563659;174935473;689679673;0;8;64:50:000000:79951;2025-09-29;2025-09-29;2079-06-06
1644563661;174935473;689679673;0;13;636501010010767000020118000000000;2025-09-29;2025-09-29;2079-06-06
1644563663;174935474;689679674;0;1;6449;2025-09-29;2025-09-29;2079-06-06
1644563665;174935474;689679674;0;6;63250501000;2025-09-29;2025-09-29;2079-06-06
1644563667;174935474;689679674;0;8;64:50:000000:79066;2025-09-29;2025-09-29;2079-06-06
1644563669;174935474;689679674;0;13;636501010010767000020119000000000;2025-09-29;2025-09-29;2079-06-06
1644563671;174935475;689679675;0;1;6449;2025-09-29;2025-09-29;2079-06-06
1644563673;174935475;689679675;0;6;63250501000;2025-09-29;2025-09-29;2079-06-06
1644563675;174935475;689679675;0;8;64:50:000000:80683;2025-09-29;2025-09-29;2079-06-06
1644563677;174935475;689679675;0;13;636501010010767000020120000000000;2025-09-29;2025-09-29;2079-06-06
1644563679;174935476;689679676;0;1;6449;2025-09-29;2025-09-29;2079-06-06
1644563681;174935476;689679676;0;6;63250501000;2025-09-29;2025-09-29;2079-06-06
1644563683;174935476;689679676;0;8;64:50:000000:78768;2025-09-29;2025-09-29;2079-06-06
1644563685;174935476;689679676;0;13;636501010010767000020121000000000;2025-09-29;2025-09-29;2079-06-06
1644563687;174935477;689679677;0;1;6449;2025-09-29;2025-09-29;2079-06-06
1644563689;174935477;689679677;0;6;63250501000;2025-09-29;2025-09-29;2079-06-06
1644563691;174935477;689679677;0;8;64:50:000000:79592;2025-09-29;2025-09-29;2079-06-06
1644563693;174935477;689679677;0;13;636501010010767000020122000000000;2025-09-29;2025-09-29;2079-06-06
1644563695;174935478;689679678;0;1;6449;2025-09-29;2025-09-29;2079-06-06
1644563697;174935478;689679678;0;6;63250501000;2025-09-29;2025-09-29;2079-06-06
1644563699;174935478;689679678;0;8;64:50:000000:78965;2025-09-29;2025-09-29;2079-06-06
1644563701;174935478;689679678;0;13;636501010010767000020123000000000;2025-09-29;2025-09-29;2079-06-06
1644563703;174935479;689679679;0;1;6449;2025-09-29;2025-09-29;2079-06-06
1644563705;174935479;689679679;0;6;63250501000;2025-09-29;2025-09-29;2079-06-06
1644563707;174935479;689679679;0;8;64:50:000000:79186;2025-09-29;2025-09-29;2079-06-06
1644563709;174935479;689679679;0;13;636501010010767000020124000000000;2025-09-29;2025-09-29;2079-06-06
1644563711;174935480;689679680;0;1;6449;2025-09-29;2025-09-29;2079-06-06
1644563713;174935480;689679680;0;6;63250501000;2025-09-29;2025-09-29;2079-06-06
1644563715;174935480;689679680;0;8;64:50:000000:79556;2025-09-29;2025-09-29;2079-06-06
1644563717;174935480;689679680;0;13;636501010010767000020125000000000;2025-09-29;2025-09-29;2079-06-06
1644563719;174935481;689679681;0;1;6449;2025-09-29;2025-09-29;2079-06-06
1644563721;174935481;689679681;0;6;63250501000;2025-09-29;2025-09-29;2079-06-06
1644563723;174935481;689679681;0;8;64:50:000000:79795;2025-09-29;2025-09-29;2079-06-06
1644563725;174935481;689679681;0;13;636501010010767000020126000000000;2025-09-29;2025-09-29;2079-06-06
1644563727;174935482;689679682;0;1;6449;2025-09-29;2025-09-29;2079-06-06
1644563729;174935482;689679682;0;6;63250501000;2025-09-29;2025-09-29;2079-06-06
1644563731;174935482;689679682;0;8;64:50:000000:80083;2025-09-29;2025-09-29;2079-06-06
1644563733;174935482;689679682;0;13;636501010010767000020127000000000;2025-09-29;2025-09-29;2079-06-06
1644563735;174935483;689679683;0;1;6449;2025-09-29;2025-09-29;2079-06-06
1644563737;174935483;689679683;0;6;63250501000;2025-09-29;2025-09-29;2079-06-06
1644563739;174935483;689679683;0;8;64:50:000000:78918;2025-09-29;2025-09-29;2079-06-06
1644563741;174935483;689679683;0;13;636501010010767000020128000000000;2025-09-29;2025-09-29;2079-06-06
1644563743;174935484;689679684;0;1;6449;2025-09-29;2025-09-29;2079-06-06
1644563745;174935484;689679684;0;6;63250501000;2025-09-29;2025-09-29;2079-06-06
1644563747;174935484;689679684;0;8;64:50:000000:80393;2025-09-29;2025-09-29;2079-06-06
1644563749;174935484;689679684;0;13;636501010010767000020129000000000;2025-09-29;2025-09-29;2079-06-06
1644563751;174935485;689679685;0;1;6449;2025-09-29;2025-09-29;2079-06-06
1644563753;174935485;689679685;0;6;63250501000;2025-09-29;2025-09-29;2079-06-06
1644563755;174935485;689679685;0;8;64:50:000000:80412;2025-09-29;2025-09-29;2079-06-06
1644563757;174935485;689679685;0;13;636501010010767000020130000000000;2025-09-29;2025-09-29;2079-06-06
1644563759;174935486;689679686;0;1;6449;2025-09-29;2025-09-29;2079-06-06
1644563761;174935486;689679686;0;6;63250501000;2025-09-29;2025-09-29;2079-06-06
1644563763;174935486;689679686;0;8;64:50:000000:78980;2025-09-29;2025-09-29;2079-06-06
1644563765;174935486;689679686;0;13;636501010010767000020131000000000;2025-09-29;2025-09-29;2079-06-06
1644563767;174935487;689679687;0;1;6449;2025-09-29;2025-09-29;2079-06-06
1644563769;174935487;689679687;0;6;63250501000;2025-09-29;2025-09-29;2079-06-06
1644563771;174935487;689679687;0;8;64:50:000000:78967;2025-09-29;2025-09-29;2079-06-06
1644563773;174935487;689679687;0;13;636501010010767000020132000000000;2025-09-29;2025-09-29;2079-06-06
1644563775;174935488;689679688;0;1;6449;2025-09-29;2025-09-29;2079-06-06
1644563777;174935488;689679688;0;6;63250501000;2025-09-29;2025-09-29;2079-06-06
1644563779;174935488;689679688;0;8;64:50:000000:80081;2025-09-29;2025-09-29;2079-06-06
1644563781;174935488;689679688;0;13;636501010010767000020133000000000;2025-09-29;2025-09-29;2079-06-06
1644563783;174935489;689679689;0;1;6449;2025-09-29;2025-09-29;2079-06-06
1644563785;174935489;689679689;0;6;63250501000;2025-09-29;2025-09-29;2079-06-06
1644563787;174935489;689679689;0;8;64:50:000000:79787;2025-09-29;2025-09-29;2079-06-06
1644563789;174935489;689679689;0;13;636501010010767000020134000000000;2025-09-29;2025-09-29;2079-06-06
1644563791;174935490;689679690;0;1;6449;2025-09-29;2025-09-29;2079-06-06
1644563793;174935490;689679690;0;6;63250501000;2025-09-29;2025-09-29;2079-06-06
1644563795;174935490;689679690;0;8;64:50:000000:78815;2025-09-29;2025-09-29;2079-06-06
1644563797;174935490;689679690;0;13;636501010010767000020135000000000;2025-09-29;2025-09-29;2079-06-06
1644563799;174935491;689679691;0;1;6449;2025-09-29;2025-09-29;2079-06-06
1644563801;174935491;689679691;0;6;63250501000;2025-09-29;2025-09-29;2079-06-06
1644563803;174935491;689679691;0;8;64:50:000000:79127;2025-09-29;2025-09-29;2079-06-06
1644563805;174935491;689679691;0;13;636501010010767000020136000000000;2025-09-29;2025-09-29;2079-06-06
1644563807;174935492;689679692;0;1;6449;2025-09-29;2025-09-29;2079-06-06
1644563809;174935492;689679692;0;6;63250501000;2025-09-29;2025-09-29;2079-06-06
1644563811;174935492;689679692;0;8;64:50:000000:78605;2025-09-29;2025-09-29;2079-06-06
1644563813;174935492;689679692;0;13;636501010010767000020137000000000;2025-09-29;2025-09-29;2079-06-06
1644563815;174935493;689679693;0;1;6449;2025-09-29;2025-09-29;2079-06-06
1644563817;174935493;689679693;0;6;63250501000;2025-09-29;2025-09-29;2079-06-06
1644563819;174935493;689679693;0;8;64:50:000000:79794;2025-09-29;2025-09-29;2079-06-06
1644563821;174935493;689679693;0;13;636501010010767000020138000000000;2025-09-29;2025-09-29;2079-06-06
1644563823;174935494;689679694;0;1;6449;2025-09-29;2025-09-29;2079-06-06
1644563825;174935494;689679694;0;6;63250501000;2025-09-29;2025-09-29;2079-06-06
1644563827;174935494;689679694;0;8;64:50:000000:78534;2025-09-29;2025-09-29;2079-06-06
1644563829;174935494;689679694;0;13;636501010010767000020139000000000;2025-09-29;2025-09-29;2079-06-06
1644563831;174935495;689679695;0;1;6449;2025-09-29;2025-09-29;2079-06-06
1644563833;174935495;689679695;0;6;63250501000;2025-09-29;2025-09-29;2079-06-06
1644563835;174935495;689679695;0;8;64:50:000000:79305;2025-09-29;2025-09-29;2079-06-06
1644563837;174935495;689679695;0;13;636501010010767000020140000000000;2025-09-29;2025-09-29;2079-06-06
1644563839;174935496;689679696;0;1;6449;2025-09-29;2025-09-29;2079-06-06
1644563841;174935496;689679696;0;6;63250501000;2025-09-29;2025-09-29;2079-06-06
1644563843;174935496;689679696;0;8;64:50:000000:79358;2025-09-29;2025-09-29;2079-06-06
1644563845;174935496;689679696;0;13;636501010010767000020141000000000;2025-09-29;2025-09-29;2079-06-06
1644563847;174935497;689679697;0;1;6449;2025-09-29;2025-09-29;2079-06-06
1644563849;174935497;689679697;0;6;63250501000;2025-09-29;2025-09-29;2079-06-06
1644563851;174935497;689679697;0;8;64:50:000000:80227;2025-09-29;2025-09-29;2079-06-06
1644563853;174935497;689679697;0;13;636501010010767000020142000000000;2025-09-29;2025-09-29;2079-06-06
1644564624;174935577;689679864;0;1;6449;2025-09-29;2025-09-29;2079-06-06
1644564626;174935577;689679864;0;6;63250501000;2025-09-29;2025-09-29;2079-06-06
1644564628;174935577;689679864;0;8;64:50:000000:80206;2025-09-29;2025-09-29;2079-06-06
1644564630;174935577;689679864;0;13;636501010010767000020143000000000;2025-09-29;2025-09-29;2079-06-06
1644564632;174935578;689679865;0;1;6449;2025-09-29;2025-09-29;2079-06-06
1644564634;174935578;689679865;0;6;63250501000;2025-09-29;2025-09-29;2079-06-06
1644564636;174935578;689679865;0;8;64:50:000000:80248;2025-09-29;2025-09-29;2079-06-06
1644564638;174935578;689679865;0;13;636501010010767000020144000000000;2025-09-29;2025-09-29;2079-06-06
1644564640;174935579;689679866;0;1;6449;2025-09-29;2025-09-29;2079-06-06
1644564642;174935579;689679866;0;6;63250501000;2025-09-29;2025-09-29;2079-06-06
1644564644;174935579;689679866;0;8;64:50:000000:80656;2025-09-29;2025-09-29;2079-06-06
1644564646;174935579;689679866;0;13;636501010010767000020145000000000;2025-09-29;2025-09-29;2079-06-06
1644564648;174935580;689679867;0;1;6449;2025-09-29;2025-09-29;2079-06-06
1644564650;174935580;689679867;0;6;63250501000;2025-09-29;2025-09-29;2079-06-06
1644564652;174935580;689679867;0;8;64:50:000000:78604;2025-09-29;2025-09-29;2079-06-06
1644564654;174935580;689679867;0;13;636501010010767000020146000000000;2025-09-29;2025-09-29;2079-06-06
1644564656;174935581;689679868;0;1;6449;2025-09-29;2025-09-29;2079-06-06
1644564658;174935581;689679868;0;6;63250501000;2025-09-29;2025-09-29;2079-06-06
1644564660;174935581;689679868;0;8;64:50:000000:79465;2025-09-29;2025-09-29;2079-06-06
1644564662;174935581;689679868;0;13;636501010010767000020147000000000;2025-09-29;2025-09-29;2079-06-06
1644564664;174935582;689679869;0;1;6449;2025-09-29;2025-09-29;2079-06-06
1644564666;174935582;689679869;0;6;63250501000;2025-09-29;2025-09-29;2079-06-06
1644564668;174935582;689679869;0;8;64:50:000000:79309;2025-09-29;2025-09-29;2079-06-06
1644564670;174935582;689679869;0;13;636501010010767000020148000000000;2025-09-29;2025-09-29;2079-06-06
1644564672;174935583;689679870;0;1;6449;2025-09-29;2025-09-29;2079-06-06
1644564674;174935583;689679870;0;6;63250501000;2025-09-29;2025-09-29;2079-06-06
1644564676;174935583;689679870;0;8;64:50:000000:79784;2025-09-29;2025-09-29;2079-06-06
1644564678;174935583;689679870;0;13;636501010010767000020149000000000;2025-09-29;2025-09-29;2079-06-06
1644564680;174935584;689679871;0;1;6449;2025-09-29;2025-09-29;2079-06-06
1644564682;174935584;689679871;0;6;63250501000;2025-09-29;2025-09-29;2079-06-06
1644564684;174935584;689679871;0;8;64:50:000000:78961;2025-09-29;2025-09-29;2079-06-06
1644564686;174935584;689679871;0;13;636501010010767000020150000000000;2025-09-29;2025-09-29;2079-06-06
1644564688;174935585;689679872;0;1;6449;2025-09-29;2025-09-29;2079-06-06
1644564690;174935585;689679872;0;6;63250501000;2025-09-29;2025-09-29;2079-06-06
1644564692;174935585;689679872;0;8;64:50:000000:78754;2025-09-29;2025-09-29;2079-06-06
1644564694;174935585;689679872;0;13;636501010010767000020151000000000;2025-09-29;2025-09-29;2079-06-06
1644564696;174935586;689679873;0;1;6449;2025-09-29;2025-09-29;2079-06-06
1644564698;174935586;689679873;0;6;63250501000;2025-09-29;2025-09-29;2079-06-06
1644564700;174935586;689679873;0;8;64:50:000000:78741;2025-09-29;2025-09-29;2079-06-06
1644564702;174935586;689679873;0;13;636501010010767000020152000000000;2025-09-29;2025-09-29;2079-06-06
1644564704;174935587;689679874;0;6;63250501000;2025-09-29;2025-09-29;2079-06-06
1644564706;174935587;689679874;0;8;64:50:000000:78740;2025-09-29;2025-09-29;2079-06-06
1644564708;174935587;689679874;0;2;6449;2025-09-29;2025-09-29;2079-06-06
1644564710;174935587;689679874;0;13;636501010010767000020153000000000;2025-09-29;2025-09-29;2079-06-06
1644564712;174935588;689679875;0;1;6449;2025-09-29;2025-09-29;2079-06-06
1644564714;174935588;689679875;0;6;63250501000;2025-09-29;2025-09-29;2079-06-06
1644564716;174935588;689679875;0;8;64:50:000000:79570;2025-09-29;2025-09-29;2079-06-06
1644564718;174935588;689679875;0;13;636501010010767000020154000000000;2025-09-29;2025-09-29;2079-06-06
1644569014;51829024;689681956;0;8;64:20:011301:333;2025-09-29;2025-09-29;2079-06-06
1484610793;76054732;574995302;689681974;8;64:22:014801:69;2025-09-29;2023-11-23;2025-09-29
1644569181;51218289;689682014;0;8;64:10:050101:431;2025-09-29;2025-09-29;2079-06-06
1644569255;37439070;689682046;0;8;64:10:070201:408;2025-09-29;2025-09-29;2079-06-06
1644569276;82881815;689682062;0;8;64:10:190201:178;2025-09-29;2025-09-29;2079-06-06
1644569322;8623381;689682091;0;8;64:10:000000:1985;2025-09-29;2025-09-29;2079-06-06
1644569369;67380689;689682115;0;8;64:10:080203:155;2025-09-29;2025-09-29;2079-06-06
1644569397;73446472;689682127;0;8;64:26:130711:19;2025-09-29;2025-09-29;2079-06-06
1644569488;39081432;689682150;0;8;64:10:090501:23;2025-09-29;2025-09-29;2079-06-06
1644569553;70253302;689682166;0;8;64:26:130702:34;2025-09-29;2025-09-29;2079-06-06
1644569565;70271032;689682179;0;8;64:26:130715:44;2025-09-29;2025-09-29;2079-06-06
1644569525;70255291;689682159;0;8;64:26:130716:45;2025-09-29;2025-09-29;2079-06-06
1644569563;26404662;689682169;0;8;64:26:130713:32;2025-09-29;2025-09-29;2079-06-06
1644569570;7652058;689682184;0;8;64:26:130701:15;2025-09-29;2025-09-29;2079-06-06
1644569610;30122970;689682196;0;8;64:26:130702:66;2025-09-29;2025-09-29;2079-06-06
1644569641;73459847;689682204;0;8;64:26:130716:33;2025-09-29;2025-09-29;2079-06-06
1644569656;73012215;689682212;0;8;64:10:150301:46;2025-09-29;2025-09-29;2079-06-06
1644569658;66572527;689682214;0;8;64:22:021101:255;2025-09-29;2025-09-29;2079-06-06
1644569663;69481076;689682220;0;8;64:20:011301:759;2025-09-29;2025-09-29;2079-06-06
1644569704;81422795;689682233;0;8;64:20:011501:384;2025-09-29;2025-09-29;2079-06-06
1644569722;58283699;689682237;0;8;64:20:011501:418;2025-09-29;2025-09-29;2079-06-06
1644569609;34844723;689682195;0;8;64:26:130714:16;2025-09-29;2025-09-29;2079-06-06
1644569620;70401925;689682199;0;8;64:26:130708:45;2025-09-29;2025-09-29;2079-06-06
1644569642;58919924;689682205;0;8;64:10:140302:49;2025-09-29;2025-09-29;2079-06-06
1644569653;7656817;689682209;0;8;64:26:130702:33;2025-09-29;2025-09-29;2079-06-06
1644569657;32116533;689682213;0;8;64:10:020101:322;2025-09-29;2025-09-29;2079-06-06
1644569662;37601482;689682219;0;8;64:10:030201:502;2025-09-29;2025-09-29;2079-06-06
1644569692;29720998;689682227;0;8;64:10:030201:580;2025-09-29;2025-09-29;2079-06-06
1644569815;174936834;689682254;0;2;6432;2025-09-29;2025-09-29;2079-06-06
1644569817;174936834;689682254;0;4;6446;2025-09-29;2025-09-29;2079-06-06
1644569819;174936834;689682254;0;7;63647151051;2025-09-29;2025-09-29;2079-06-06
1644569821;174936834;689682254;0;15;190;2025-09-29;2025-09-29;2079-06-06
1644569823;174936834;689682254;0;21;63647151;2025-09-29;2025-09-29;2079-06-06
1644570130;23335736;689682312;0;8;64:10:030201:575;2025-09-29;2025-09-29;2079-06-06
1644570280;31117683;689682363;0;8;64:10:180201:280;2025-09-29;2025-09-29;2079-06-06
1644570437;76091387;689682407;0;8;64:10:120201:340;2025-09-29;2025-09-29;2079-06-06
1644570910;25022448;689682488;0;8;64:10:120301:104;2025-09-29;2025-09-29;2079-06-06
1644570892;34452258;689682483;0;8;64:10:000000:1548;2025-09-29;2025-09-29;2079-06-06
1644571011;25019355;689682520;0;8;64:10:120301:58;2025-09-29;2025-09-29;2079-06-06
1644571105;2395289;689682546;0;8;64:10:170201:270;2025-09-29;2025-09-29;2079-06-06
1644571176;6314836;689682561;0;8;64:10:000000:618;2025-09-29;2025-09-29;2079-06-06
1644571253;65382920;689682581;0;8;64:10:100203:47;2025-09-29;2025-09-29;2079-06-06
1644571259;71538194;689682585;0;8;64:10:000000:677;2025-09-29;2025-09-29;2079-06-06
1644571322;32356871;689682597;0;8;64:26:050604:43;2025-09-29;2025-09-29;2079-06-06
1644571612;68174726;689682635;0;8;64:26:050614:22;2025-09-29;2025-09-29;2079-06-06
1555612378;77956805;610084446;689682710;8;64:26:040215:31;2025-09-29;2024-12-20;2025-09-29
1644572083;32354604;689682721;0;8;64:26:000000:838;2025-09-29;2025-09-29;2079-06-06
1644572199;77933483;689682780;0;8;64:26:040214:14;2025-09-29;2025-09-29;2079-06-06
1644574433;4853805;689683504;0;8;64:17:160101:435;2025-09-29;2025-09-29;2079-06-06
1644574613;4841048;689683591;0;8;64:17:160101:411;2025-09-29;2025-09-29;2079-06-06
1644574958;48441454;689683686;0;8;64:17:190307:63;2025-09-29;2025-09-29;2079-06-06
1644575121;77391280;689683752;0;8;64:17:190151:183;2025-09-29;2025-09-29;2079-06-06
1644575229;67797756;689683792;0;8;64:32:000000:2491;2025-09-29;2025-09-29;2079-06-06
1644575278;5329921;689683812;0;8;64:17:120101:273;2025-09-29;2025-09-29;2079-06-06
1644575389;64645646;689683861;0;8;64:17:000000:194;2025-09-29;2025-09-29;2079-06-06
1644575418;64645751;689683874;0;8;64:17:190120:63;2025-09-29;2025-09-29;2079-06-06
1644575515;11585796;689683936;0;8;64:33:070201:881;2025-09-29;2025-09-29;2079-06-06
1644575977;59693439;689684319;0;8;64:17:190371:101;2025-09-29;2025-09-29;2079-06-06
1644575871;49268905;689684207;0;8;64:17:000000:4032;2025-09-29;2025-09-29;2079-06-06
1644578590;174938055;689686120;0;2;6449;2025-09-29;2025-09-29;2079-06-06
1644578592;174938055;689686120;0;7;63650101001;2025-09-29;2025-09-29;2079-06-06
1644578594;174938055;689686120;0;15;24;2025-09-29;2025-09-29;2079-06-06
1644578596;174938055;689686120;0;21;63650101;2025-09-29;2025-09-29;2079-06-06
1644578598;174938056;689686121;0;2;6449;2025-09-29;2025-09-29;2079-06-06
1644578600;174938056;689686121;0;7;63650101001;2025-09-29;2025-09-29;2079-06-06
1644578602;174938056;689686121;0;15;25;2025-09-29;2025-09-29;2079-06-06
1644578604;174938056;689686121;0;21;63650101;2025-09-29;2025-09-29;2079-06-06
1644578606;174938057;689686122;0;2;6449;2025-09-29;2025-09-29;2079-06-06
1644578608;174938057;689686122;0;7;63650101001;2025-09-29;2025-09-29;2079-06-06
1644578610;174938057;689686122;0;15;26;2025-09-29;2025-09-29;2079-06-06
1644578612;174938057;689686122;0;21;63650101;2025-09-29;2025-09-29;2079-06-06
1644578614;174938058;689686123;0;2;6449;2025-09-29;2025-09-29;2079-06-06
1644578616;174938058;689686123;0;7;63650101001;2025-09-29;2025-09-29;2079-06-06
1644578618;174938058;689686123;0;15;27;2025-09-29;2025-09-29;2079-06-06
1644578620;174938058;689686123;0;21;63650101;2025-09-29;2025-09-29;2079-06-06
1644579563;44916879;689686429;0;8;64:17:000000:2763;2025-09-29;2025-09-29;2079-06-06
1644581359;174938425;689686765;0;1;6449;2025-09-29;2025-09-29;2079-06-06
1644581361;174938425;689686765;0;6;63250501000;2025-09-29;2025-09-29;2079-06-06
1644581363;174938425;689686765;0;8;64:50:000000:76330;2025-09-29;2025-09-29;2079-06-06
1644581365;174938425;689686765;0;13;636501010010980000020012000000000;2025-09-29;2025-09-29;2079-06-06
1644581367;174938426;689686766;0;1;6449;2025-09-29;2025-09-29;2079-06-06
1644581369;174938426;689686766;0;6;63250501000;2025-09-29;2025-09-29;2079-06-06
1644581371;174938426;689686766;0;8;64:50:000000:76615;2025-09-29;2025-09-29;2079-06-06
1644581373;174938426;689686766;0;13;636501010010980000020013000000000;2025-09-29;2025-09-29;2079-06-06
1644581375;174938427;689686767;0;1;6449;2025-09-29;2025-09-29;2079-06-06
1644581377;174938427;689686767;0;6;63250501000;2025-09-29;2025-09-29;2079-06-06
1644581379;174938427;689686767;0;8;64:50:000000:76327;2025-09-29;2025-09-29;2079-06-06
1644581381;174938427;689686767;0;13;636501010010980000020014000000000;2025-09-29;2025-09-29;2079-06-06
1644581383;174938428;689686768;0;1;6449;2025-09-29;2025-09-29;2079-06-06
1644581385;174938428;689686768;0;6;63250501000;2025-09-29;2025-09-29;2079-06-06
1644581387;174938428;689686768;0;8;64:50:000000:78488;2025-09-29;2025-09-29;2079-06-06
1644581389;174938428;689686768;0;13;636501010010980000020015000000000;2025-09-29;2025-09-29;2079-06-06
1644581391;174938429;689686769;0;1;6449;2025-09-29;2025-09-29;2079-06-06
1644581393;174938429;689686769;0;6;63250501000;2025-09-29;2025-09-29;2079-06-06
1644581395;174938429;689686769;0;8;64:50:000000:76848;2025-09-29;2025-09-29;2079-06-06
1644581397;174938429;689686769;0;13;636501010010980000020016000000000;2025-09-29;2025-09-29;2079-06-06
1644581399;174938430;689686770;0;1;6449;2025-09-29;2025-09-29;2079-06-06
1644581401;174938430;689686770;0;6;63250501000;2025-09-29;2025-09-29;2079-06-06
1644581403;174938430;689686770;0;8;64:50:000000:76595;2025-09-29;2025-09-29;2079-06-06
1644581405;174938430;689686770;0;13;636501010010980000020017000000000;2025-09-29;2025-09-29;2079-06-06
1644581407;174938431;689686771;0;1;6449;2025-09-29;2025-09-29;2079-06-06
1644581409;174938431;689686771;0;6;63250501000;2025-09-29;2025-09-29;2079-06-06
1644581411;174938431;689686771;0;8;64:50:000000:76591;2025-09-29;2025-09-29;2079-06-06
1644581413;174938431;689686771;0;13;636501010010980000020018000000000;2025-09-29;2025-09-29;2079-06-06
1644581415;174938432;689686772;0;1;6449;2025-09-29;2025-09-29;2079-06-06
1644581417;174938432;689686772;0;6;63250501000;2025-09-29;2025-09-29;2079-06-06
1644581419;174938432;689686772;0;8;64:50:000000:76405;2025-09-29;2025-09-29;2079-06-06
1644581421;174938432;689686772;0;13;636501010010980000020019000000000;2025-09-29;2025-09-29;2079-06-06
1644581423;174938433;689686773;0;1;6449;2025-09-29;2025-09-29;2079-06-06
1644581425;174938433;689686773;0;6;63250501000;2025-09-29;2025-09-29;2079-06-06
1644581427;174938433;689686773;0;8;64:50:000000:78240;2025-09-29;2025-09-29;2079-06-06
1644581429;174938433;689686773;0;13;636501010010980000020020000000000;2025-09-29;2025-09-29;2079-06-06
1644581431;174938434;689686774;0;1;6449;2025-09-29;2025-09-29;2079-06-06
1644581433;174938434;689686774;0;6;63250501000;2025-09-29;2025-09-29;2079-06-06
1644581435;174938434;689686774;0;8;64:50:000000:76377;2025-09-29;2025-09-29;2079-06-06
1644581437;174938434;689686774;0;13;636501010010980000020021000000000;2025-09-29;2025-09-29;2079-06-06
1644581439;174938435;689686775;0;1;6449;2025-09-29;2025-09-29;2079-06-06
1644581441;174938435;689686775;0;6;63250501000;2025-09-29;2025-09-29;2079-06-06
1644581443;174938435;689686775;0;8;64:50:000000:76619;2025-09-29;2025-09-29;2079-06-06
1644581445;174938435;689686775;0;13;636501010010980000020022000000000;2025-09-29;2025-09-29;2079-06-06
1644581447;174938436;689686776;0;1;6449;2025-09-29;2025-09-29;2079-06-06
1644581449;174938436;689686776;0;6;63250501000;2025-09-29;2025-09-29;2079-06-06
1644581451;174938436;689686776;0;8;64:50:000000:76415;2025-09-29;2025-09-29;2079-06-06
1644581453;174938436;689686776;0;13;636501010010980000020023000000000;2025-09-29;2025-09-29;2079-06-06
1644581455;174938437;689686777;0;1;6449;2025-09-29;2025-09-29;2079-06-06
1644581457;174938437;689686777;0;6;63250501000;2025-09-29;2025-09-29;2079-06-06
1644581459;174938437;689686777;0;8;64:50:000000:77313;2025-09-29;2025-09-29;2079-06-06
1644581461;174938437;689686777;0;13;636501010010980000020024000000000;2025-09-29;2025-09-29;2079-06-06
1644581463;174938438;689686778;0;1;6449;2025-09-29;2025-09-29;2079-06-06
1644581465;174938438;689686778;0;6;63250501000;2025-09-29;2025-09-29;2079-06-06
1644581467;174938438;689686778;0;8;64:50:000000:77892;2025-09-29;2025-09-29;2079-06-06
1644581469;174938438;689686778;0;13;636501010010980000020025000000000;2025-09-29;2025-09-29;2079-06-06
1644581471;174938439;689686779;0;1;6449;2025-09-29;2025-09-29;2079-06-06
1644581473;174938439;689686779;0;6;63250501000;2025-09-29;2025-09-29;2079-06-06
1644581475;174938439;689686779;0;8;64:50:000000:78386;2025-09-29;2025-09-29;2079-06-06
1644581477;174938439;689686779;0;13;636501010010980000020026000000000;2025-09-29;2025-09-29;2079-06-06
1644581479;174938440;689686780;0;1;6449;2025-09-29;2025-09-29;2079-06-06
1644581481;174938440;689686780;0;6;63250501000;2025-09-29;2025-09-29;2079-06-06
1644581483;174938440;689686780;0;8;64:50:000000:77881;2025-09-29;2025-09-29;2079-06-06
1644581485;174938440;689686780;0;13;636501010010980000020027000000000;2025-09-29;2025-09-29;2079-06-06
1644581487;174938441;689686781;0;1;6449;2025-09-29;2025-09-29;2079-06-06
1644581489;174938441;689686781;0;6;63250501000;2025-09-29;2025-09-29;2079-06-06
1644581491;174938441;689686781;0;8;64:50:000000:76215;2025-09-29;2025-09-29;2079-06-06
1644581493;174938441;689686781;0;13;636501010010980000020028000000000;2025-09-29;2025-09-29;2079-06-06
1644581495;174938442;689686782;0;1;6449;2025-09-29;2025-09-29;2079-06-06
1644581497;174938442;689686782;0;6;63250501000;2025-09-29;2025-09-29;2079-06-06
1644581499;174938442;689686782;0;8;64:50:000000:77859;2025-09-29;2025-09-29;2079-06-06
1644581501;174938442;689686782;0;13;636501010010980000020029000000000;2025-09-29;2025-09-29;2079-06-06
1644581503;174938443;689686783;0;1;6449;2025-09-29;2025-09-29;2079-06-06
1644581505;174938443;689686783;0;6;63250501000;2025-09-29;2025-09-29;2079-06-06
1644581507;174938443;689686783;0;8;64:50:000000:76633;2025-09-29;2025-09-29;2079-06-06
1644581509;174938443;689686783;0;13;636501010010980000020030000000000;2025-09-29;2025-09-29;2079-06-06
1644581511;174938444;689686784;0;1;6449;2025-09-29;2025-09-29;2079-06-06
1644581513;174938444;689686784;0;6;63250501000;2025-09-29;2025-09-29;2079-06-06
1644581515;174938444;689686784;0;8;64:50:000000:76398;2025-09-29;2025-09-29;2079-06-06
1644581517;174938444;689686784;0;13;636501010010980000020031000000000;2025-09-29;2025-09-29;2079-06-06
1644581519;174938445;689686785;0;1;6449;2025-09-29;2025-09-29;2079-06-06
1644581521;174938445;689686785;0;6;63250501000;2025-09-29;2025-09-29;2079-06-06
1644581523;174938445;689686785;0;8;64:50:000000:78276;2025-09-29;2025-09-29;2079-06-06
1644581525;174938445;689686785;0;13;636501010010980000020032000000000;2025-09-29;2025-09-29;2079-06-06
1644581527;174938446;689686786;0;1;6449;2025-09-29;2025-09-29;2079-06-06
1644581529;174938446;689686786;0;6;63250501000;2025-09-29;2025-09-29;2079-06-06
1644581531;174938446;689686786;0;8;64:50:000000:76842;2025-09-29;2025-09-29;2079-06-06
1644581533;174938446;689686786;0;13;636501010010980000020033000000000;2025-09-29;2025-09-29;2079-06-06
1644581535;174938447;689686787;0;1;6449;2025-09-29;2025-09-29;2079-06-06
1644581537;174938447;689686787;0;6;63250501000;2025-09-29;2025-09-29;2079-06-06
1644581539;174938447;689686787;0;8;64:50:000000:76378;2025-09-29;2025-09-29;2079-06-06
1644581541;174938447;689686787;0;13;636501010010980000020034000000000;2025-09-29;2025-09-29;2079-06-06
1644581543;174938448;689686788;0;1;6449;2025-09-29;2025-09-29;2079-06-06
1644581545;174938448;689686788;0;6;63250501000;2025-09-29;2025-09-29;2079-06-06
1644581547;174938448;689686788;0;8;64:50:000000:6367;2025-09-29;2025-09-29;2079-06-06
1644581549;174938448;689686788;0;13;636501010010980000020035000000000;2025-09-29;2025-09-29;2079-06-06
445810190;79952943;118826892;689686819;8;64:17:190138:86;2025-09-29;2019-12-26;2025-09-29
1644581776;174938482;689686836;0;1;6432;2025-09-29;2025-09-29;2079-06-06
1644581778;174938482;689686836;0;6;63229551000;2025-09-29;2025-09-29;2079-06-06
1644581780;174938482;689686836;0;8;64:21:130149:35;2025-09-29;2025-09-29;2079-06-06
1644581782;174938482;689686836;0;13;636291510510000002120153000000000;2025-09-29;2025-09-29;2079-06-06
1644581816;174938487;689686842;0;1;6449;2025-09-29;2025-09-29;2079-06-06
1644581818;174938487;689686842;0;6;63250000085;2025-09-29;2025-09-29;2079-06-06
1644581820;174938487;689686842;0;8;64:38:220215:51;2025-09-29;2025-09-29;2079-06-06
1644581822;174938487;689686842;0;13;636501011030000000920267000000000;2025-09-29;2025-09-29;2079-06-06
1644582082;174938516;689686889;0;1;6432;2025-09-29;2025-09-29;2079-06-06
1644582084;174938516;689686889;0;3;6444;2025-09-29;2025-09-29;2079-06-06
1644582086;174938516;689686889;0;6;63235501000;2025-09-29;2025-09-29;2079-06-06
1644582088;174938516;689686889;0;8;64:45:030302:304;2025-09-29;2025-09-29;2079-06-06
1644582090;174938516;689686889;0;13;636351010010000023830048000000000;2025-09-29;2025-09-29;2079-06-06
1644582077;12380525;689686886;0;8;64:17:020201:412;2025-09-29;2025-09-29;2079-06-06
1644582338;64850658;689686956;0;8;64:21:130706:957;2025-09-29;2025-09-29;2079-06-06
1643586579;64780377;689379907;689687105;8;64:21:130706:1955;2025-09-29;2025-09-23;2025-09-29
1644583552;174938760;689687313;0;1;6432;2025-09-29;2025-09-29;2079-06-06
1644583554;174938760;689687313;0;6;63229551000;2025-09-29;2025-09-29;2079-06-06
1644583556;174938760;689687313;0;8;64:21:130814:19;2025-09-29;2025-09-29;2079-06-06
1644583558;174938760;689687313;0;13;636291510510000002320015000000000;2025-09-29;2025-09-29;2079-06-06
1644583644;34912764;689687333;0;8;64:17:190219:55;2025-09-29;2025-09-29;2079-06-06
1644584046;174938831;689687419;0;2;6432;2025-09-29;2025-09-29;2079-06-06
1644584048;174938831;689687419;0;7;63629151051;2025-09-29;2025-09-29;2079-06-06
1644584050;174938831;689687419;0;15;269;2025-09-29;2025-09-29;2079-06-06
1644584052;174938831;689687419;0;21;63629151;2025-09-29;2025-09-29;2079-06-06
1644584489;174938892;689687602;0;6;63229551000;2025-09-29;2025-09-29;2079-06-06
1644584491;174938892;689687602;0;8;64:21:130209:57;2025-09-29;2025-09-29;2079-06-06
1644584493;174938892;689687602;0;2;6432;2025-09-29;2025-09-29;2079-06-06
1644584495;174938892;689687602;0;13;636291510510000002821341000000000;2025-09-29;2025-09-29;2079-06-06
1644584829;10848938;689687674;0;8;64:17:190189:126;2025-09-29;2025-09-29;2079-06-06
1644584983;174938946;689687705;0;2;6432;2025-09-29;2025-09-29;2079-06-06
1644584985;174938946;689687705;0;7;63629151051;2025-09-29;2025-09-29;2079-06-06
1644584987;174938946;689687705;0;15;1342;2025-09-29;2025-09-29;2079-06-06
1644584989;174938946;689687705;0;21;63629151;2025-09-29;2025-09-29;2079-06-06
1644584905;60873973;689687690;0;8;64:45:000000:1680;2025-09-29;2025-09-29;2079-06-06
1644584907;60881613;689687692;0;8;64:45:000000:1685;2025-09-29;2025-09-29;2079-06-06
1644586281;60870882;689687971;0;8;64:45:030244:11;2025-09-29;2025-09-29;2079-06-06
1644586317;81947100;689687981;0;8;64:33:070101:247;2025-09-29;2025-09-29;2079-06-06
1644586340;174939098;689687989;0;2;6439;2025-09-29;2025-09-29;2079-06-06
1644586342;174939098;689687989;0;4;6445;2025-09-29;2025-09-29;2079-06-06
1644586344;174939098;689687989;0;7;63637101001;2025-09-29;2025-09-29;2079-06-06
1644586346;174939098;689687989;0;15;402;2025-09-29;2025-09-29;2079-06-06
1644586348;174939098;689687989;0;21;63637101;2025-09-29;2025-09-29;2079-06-06
1644586716;174939136;689688049;0;2;6432;2025-09-29;2025-09-29;2079-06-06
1644586718;174939136;689688049;0;4;6444;2025-09-29;2025-09-29;2079-06-06
1644586720;174939136;689688049;0;7;63635101001;2025-09-29;2025-09-29;2079-06-06
1644586722;174939136;689688049;0;15;100;2025-09-29;2025-09-29;2079-06-06
1644586724;174939136;689688049;0;21;63635101;2025-09-29;2025-09-29;2079-06-06
1644588082;174939294;689688287;0;1;6449;2025-09-29;2025-09-29;2079-06-06
1644588084;174939294;689688287;0;6;63250554000;2025-09-29;2025-09-29;2079-06-06
1644588086;174939294;689688287;0;8;64:50:032015:3410;2025-09-29;2025-09-29;2079-06-06
1644588088;174939294;689688287;0;13;636501010550000011320032000000000;2025-09-29;2025-09-29;2079-06-06
1644589084;60886588;689688479;0;8;64:45:030239:47;2025-09-29;2025-09-29;2079-06-06
1644589439;174939458;689688537;0;2;6449;2025-09-29;2025-09-29;2079-06-06
1644589441;174939458;689688537;0;7;63650101055;2025-09-29;2025-09-29;2079-06-06
1644589443;174939458;689688537;0;15;23;2025-09-29;2025-09-29;2079-06-06
1644589445;174939458;689688537;0;21;63650101;2025-09-29;2025-09-29;2079-06-06
1644589447;174939459;689688538;0;2;6449;2025-09-29;2025-09-29;2079-06-06
1644589449;174939459;689688538;0;7;63650101055;2025-09-29;2025-09-29;2079-06-06
1644589451;174939459;689688538;0;15;24;2025-09-29;2025-09-29;2079-06-06
1644589453;174939459;689688538;0;21;63650101;2025-09-29;2025-09-29;2079-06-06
1644591163;174939662;689688898;0;2;6432;2025-09-29;2025-09-29;2079-06-06
1644591165;174939662;689688898;0;4;6444;2025-09-29;2025-09-29;2079-06-06
1644591167;174939662;689688898;0;7;63635101001;2025-09-29;2025-09-29;2079-06-06
1644591169;174939662;689688898;0;15;296;2025-09-29;2025-09-29;2079-06-06
1644591171;174939662;689688898;0;21;63635101;2025-09-29;2025-09-29;2079-06-06
1644592317;55678289;689689295;0;8;64:17:190346:101;2025-09-29;2025-09-29;2079-06-06
1644593412;75444036;689689739;0;8;64:17:190139:61;2025-09-29;2025-09-29;2079-06-06
1644593685;174939899;689689799;0;2;6432;2025-09-29;2025-09-29;2079-06-06
1644593687;174939899;689689799;0;4;6444;2025-09-29;2025-09-29;2079-06-06
1644593689;174939899;689689799;0;7;63635101001;2025-09-29;2025-09-29;2079-06-06
1644593691;174939899;689689799;0;15;250;2025-09-29;2025-09-29;2079-06-06
1644593693;174939899;689689799;0;21;63635101;2025-09-29;2025-09-29;2079-06-06
1644594403;35987473;689689935;0;8;64:45:000000:1731;2025-09-29;2025-09-29;2079-06-06
1644597346;30678737;689690722;0;8;64:45:000000:1830;2025-09-29;2025-09-29;2079-06-06
1644599562;174940554;689691193;0;2;6439;2025-09-29;2025-09-29;2079-06-06
1644599564;174940554;689691193;0;7;63623101001;2025-09-29;2025-09-29;2079-06-06
1644599566;174940554;689691193;0;15;549;2025-09-29;2025-09-29;2079-06-06
1644599568;174940554;689691193;0;21;63623101;2025-09-29;2025-09-29;2079-06-06
1644600002;174940608;689691279;0;2;6439;2025-09-29;2025-09-29;2079-06-06
1644600004;174940608;689691279;0;7;63623101001;2025-09-29;2025-09-29;2079-06-06
1644600006;174940608;689691279;0;15;104;2025-09-29;2025-09-29;2079-06-06
1644600008;174940608;689691279;0;21;63623101;2025-09-29;2025-09-29;2079-06-06
785198385;103209274;238363207;689691823;8;64:18:080201:63;2025-09-29;2021-12-13;2025-09-29
1644602701;174940910;689691827;0;1;6432;2025-09-29;2025-09-29;2079-06-06
1644602703;174940910;689691827;0;6;63201000000;2025-09-29;2025-09-29;2079-06-06
1644602705;174940910;689691827;0;8;64:32:000000:9726;2025-09-29;2025-09-29;2079-06-06
1644602707;174940910;689691827;0;13;637010000007706000020076000000000;2025-09-29;2025-09-29;2079-06-06
1494154031;53828319;582339962;689691977;8;64:18:120301:499;2025-09-29;2024-01-04;2025-09-29
1644603981;101054409;689692300;0;8;64:18:040201:845;2025-09-29;2025-09-29;2079-06-06
1644604642;102239216;689692399;0;8;64:18:040201:844;2025-09-29;2025-09-29;2079-06-06
1644605434;65355770;689692555;0;8;64:38:000000:12887;2025-09-29;2025-09-29;2079-06-06
1644607153;54027508;689692974;0;8;64:15:210401:542;2025-09-29;2025-09-29;2079-06-06
1644608295;5301070;689693531;0;8;64:21:130318:93;2025-09-29;2025-09-29;2079-06-06
1644608588;174941647;689693654;0;2;6439;2025-09-29;2025-09-29;2079-06-06
1644608590;174941647;689693654;0;7;63623101106;2025-09-29;2025-09-29;2079-06-06
1644608592;174941647;689693654;0;15;45;2025-09-29;2025-09-29;2079-06-06
1644608594;174941647;689693654;0;21;63623101;2025-09-29;2025-09-29;2079-06-06
1644609117;5297999;689693784;0;8;64:21:130513:268;2025-09-29;2025-09-29;2079-06-06
1644609965;174941863;689693909;0;2;6439;2025-09-29;2025-09-29;2079-06-06
1644609967;174941863;689693909;0;7;63623101001;2025-09-29;2025-09-29;2079-06-06
1644609969;174941863;689693909;0;15;50;2025-09-29;2025-09-29;2079-06-06
1644609971;174941863;689693909;0;21;63623101;2025-09-29;2025-09-29;2079-06-06
1644609998;5281383;689693915;0;8;64:21:130321:42;2025-09-29;2025-09-29;2079-06-06
1644610530;5292572;689694002;0;8;64:21:130509:22;2025-09-29;2025-09-29;2079-06-06
1644611211;174942030;689694131;0;7;63629151051;2025-09-29;2025-09-29;2079-06-06
1644611213;174942030;689694131;0;1;6432;2025-09-29;2025-09-29;2079-06-06
1644611215;174942030;689694131;0;15;1343;2025-09-29;2025-09-29;2079-06-06
1644611217;174942030;689694131;0;21;63629151;2025-09-29;2025-09-29;2079-06-06
1644611487;5315449;689694205;0;8;64:21:130706:2846;2025-09-29;2025-09-29;2079-06-06
1644611460;174942063;689694200;0;2;6439;2025-09-29;2025-09-29;2079-06-06
1644611462;174942063;689694200;0;4;6445;2025-09-29;2025-09-29;2079-06-06
1644611464;174942063;689694200;0;7;63637460111;2025-09-29;2025-09-29;2079-06-06
1644611466;174942063;689694200;0;15;62;2025-09-29;2025-09-29;2079-06-06
1644611468;174942063;689694200;0;21;63637460;2025-09-29;2025-09-29;2079-06-06
1644612251;81256326;689694371;0;8;64:27:090405:229;2025-09-29;2025-09-29;2079-06-06
1644612398;16775462;689694396;0;8;64:27:090402:610;2025-09-29;2025-09-29;2079-06-06
1644612664;48551479;689694442;0;8;64:27:080318:349;2025-09-29;2025-09-29;2079-06-06
1644612852;69964268;689694481;0;8;64:27:080316:88;2025-09-29;2025-09-29;2079-06-06
1644613031;79977316;689694519;0;8;64:27:080313:540;2025-09-29;2025-09-29;2079-06-06
1644614038;74858950;689694794;0;8;64:17:020101:680;2025-09-29;2025-09-29;2079-06-06
1644615201;174942535;689695026;0;1;6439;2025-09-29;2025-09-29;2079-06-06
1644615203;174942535;689695026;0;6;63223000065;2025-09-29;2025-09-29;2079-06-06
1644615205;174942535;689695026;0;8;64:17:000000:276;2025-09-29;2025-09-29;2079-06-06
1644615207;174942535;689695026;0;13;636231011110002000020036000000000;2025-09-29;2025-09-29;2079-06-06
1644615721;49231481;689695121;0;8;64:17:190366:57;2025-09-29;2025-09-29;2079-06-06
1644616401;37014059;689695317;0;8;64:17:190601:315;2025-09-29;2025-09-29;2079-06-06
1644617960;174942839;689695575;0;1;6439;2025-09-29;2025-09-29;2079-06-06
1644617962;174942839;689695575;0;6;63223000060;2025-09-29;2025-09-29;2079-06-06
1644617964;174942839;689695575;0;8;64:17:190601:151;2025-09-29;2025-09-29;2079-06-06
1644617966;174942839;689695575;0;13;636231011060000000120046000000000;2025-09-29;2025-09-29;2079-06-06
1644618610;68646086;689695667;0;8;64:17:080101:637;2025-09-29;2025-09-29;2079-06-06
1644618612;68614592;689695669;0;8;64:17:080101:847;2025-09-29;2025-09-29;2079-06-06
1644618613;70079331;689695670;0;8;64:17:190128:29;2025-09-29;2025-09-29;2079-06-06
1644620527;55681293;689696032;0;8;64:17:190338:88;2025-09-29;2025-09-29;2079-06-06
1644621694;38121032;689696313;0;8;64:17:190329:33;2025-09-29;2025-09-29;2079-06-06
1644627040;64310650;689697393;0;8;64:17:080101:881;2025-09-29;2025-09-29;2079-06-06
1644664832;79472620;689707960;0;8;64:16:040301:463;2025-09-30;2025-09-30;2079-06-06
1644665072;49064129;689708023;0;8;64:17:080101:592;2025-09-30;2025-09-30;2079-06-06
1644665074;49091387;689708025;0;8;64:17:080101:527;2025-09-30;2025-09-30;2079-06-06
1644665656;174949031;689708190;0;7;63623455101;2025-09-30;2025-09-30;2079-06-06
1644665654;174949031;689708190;0;2;6439;2025-09-30;2025-09-30;2079-06-06
1644665657;174949031;689708190;0;8;64:17:000000:4717;2025-09-30;2025-09-30;2079-06-06
1644665659;174949031;689708190;0;13;636234551010013000020001000000000;2025-09-30;2025-09-30;2079-06-06
1494154579;33030419;582340511;689708375;8;64:15:131101:696;2025-09-30;2024-01-04;2025-09-30
1644674464;174949989;689710089;0;1;6432;2025-09-30;2025-09-30;2079-06-06
1644674466;174949989;689710089;0;3;6440;2025-09-30;2025-09-30;2079-06-06
1644674468;174949989;689710089;0;6;63208501000;2025-09-30;2025-09-30;2079-06-06
1644674470;174949989;689710089;0;8;64:41:000000:28320;2025-09-30;2025-09-30;2079-06-06
1644674472;174949989;689710089;0;13;636081010010000024620033000000000;2025-09-30;2025-09-30;2079-06-06
1644674474;174949990;689710090;0;1;6432;2025-09-30;2025-09-30;2079-06-06
1644674476;174949990;689710090;0;3;6440;2025-09-30;2025-09-30;2079-06-06
1644674478;174949990;689710090;0;6;63208501000;2025-09-30;2025-09-30;2079-06-06
1644674480;174949990;689710090;0;8;64:41:000000:28315;2025-09-30;2025-09-30;2079-06-06
1644674482;174949990;689710090;0;13;636081010010000024620034000000000;2025-09-30;2025-09-30;2079-06-06
1644709365;63807970;689720166;0;8;64:11:130702:697;2025-09-30;2025-09-30;2079-06-06
360008393;64061833;95578952;689720187;8;64:15:131101:30;2025-09-30;2018-02-14;2025-09-30
1644709389;13461080;689720198;0;8;64:15:130701:474;2025-09-30;2025-09-30;2079-06-06
1644710623;44918348;689720386;0;8;64:17:000000:1460;2025-09-30;2025-09-30;2079-06-06
1644711801;74852311;689720564;0;8;64:17:020101:383;2025-09-30;2025-09-30;2079-06-06
1644712024;174953946;689720596;0;2;6449;2025-09-30;2025-09-30;2079-06-06
1644712026;174953946;689720596;0;7;63644158051;2025-09-30;2025-09-30;2079-06-06
1644712028;174953946;689720596;0;15;7;2025-09-30;2025-09-30;2079-06-06
1644712030;174953946;689720596;0;21;63644158;2025-09-30;2025-09-30;2079-06-06
1644713748;43695442;689720910;0;8;64:17:190220:45;2025-09-30;2025-09-30;2079-06-06
1644722715;53642621;689723425;0;8;64:17:190701:589;2025-09-30;2025-09-30;2079-06-06
1644802826;65126542;689746081;0;8;64:17:190327:75;2025-09-30;2025-09-30;2079-06-06
1644804282;174965577;689746513;0;2;6432;2025-09-30;2025-09-30;2079-06-06
1644804284;174965577;689746513;0;7;63646440106;2025-09-30;2025-09-30;2079-06-06
1644804286;174965577;689746513;0;15;181;2025-09-30;2025-09-30;2079-06-06
1644804288;174965577;689746513;0;21;63646440;2025-09-30;2025-09-30;2079-06-06
1644804364;174965585;689746540;0;2;6432;2025-09-30;2025-09-30;2079-06-06
1644804366;174965585;689746540;0;7;63646440106;2025-09-30;2025-09-30;2079-06-06
1644804368;174965585;689746540;0;15;182;2025-09-30;2025-09-30;2079-06-06
1644804370;174965585;689746540;0;21;63646440;2025-09-30;2025-09-30;2079-06-06
1644805089;45183232;689747126;0;8;64:22:141309:30;2025-09-30;2025-09-30;2079-06-06
1644805092;174965638;689747128;0;2;6432;2025-09-30;2025-09-30;2079-06-06
1644805094;174965638;689747128;0;4;6444;2025-09-30;2025-09-30;2079-06-06
1644805096;174965638;689747128;0;7;63609410101;2025-09-30;2025-09-30;2079-06-06
1644805098;174965638;689747128;0;15;247;2025-09-30;2025-09-30;2079-06-06
1644805100;174965638;689747128;0;21;63609410;2025-09-30;2025-09-30;2079-06-06
1644805103;174965639;689747130;0;6;63209000001;2025-09-30;2025-09-30;2079-06-06
1644805105;174965639;689747130;0;8;64:07:050128:749;2025-09-30;2025-09-30;2079-06-06
1644805107;174965639;689747130;0;2;6432;2025-09-30;2025-09-30;2079-06-06
1644805109;174965639;689747130;0;15;248;2025-09-30;2025-09-30;2079-06-06
1644805111;174965639;689747130;0;21;63609410;2025-09-30;2025-09-30;2079-06-06
1644805115;39964230;689747134;0;8;64:22:140915:49;2025-09-30;2025-09-30;2079-06-06
1502221130;17804950;589303404;689747125;8;64:22:141604:63;2025-09-30;2024-02-06;2025-09-30
1644805090;56299763;689747127;0;8;64:22:141612:12;2025-09-30;2025-09-30;2079-06-06
1644805112;44225994;689747131;0;8;64:22:141030:25;2025-09-30;2025-09-30;2079-06-06
1644805118;39946137;689747137;0;8;64:22:140926:58;2025-09-30;2025-09-30;2079-06-06
1644805145;174965643;689747142;0;2;6451;2025-09-30;2025-09-30;2079-06-06
1644805147;174965643;689747142;0;7;63701000001;2025-09-30;2025-09-30;2079-06-06
1644805149;174965643;689747142;0;15;15;2025-09-30;2025-09-30;2079-06-06
1644805151;174965643;689747142;0;21;63701000;2025-09-30;2025-09-30;2079-06-06
1644805170;30984510;689747146;0;8;64:07:050258:164;2025-09-30;2025-09-30;2079-06-06
1644805203;32079611;689747155;0;8;64:07:050255:122;2025-09-30;2025-09-30;2079-06-06
1644805221;174965652;689747158;0;2;6432;2025-09-30;2025-09-30;2079-06-06
1644805223;174965652;689747158;0;4;6444;2025-09-30;2025-09-30;2079-06-06
1644805225;174965652;689747158;0;7;63609410101;2025-09-30;2025-09-30;2079-06-06
1644805227;174965652;689747158;0;15;24;2025-09-30;2025-09-30;2079-06-06
1644805229;174965652;689747158;0;21;63609410;2025-09-30;2025-09-30;2079-06-06
1644805264;33754855;689747169;0;8;64:07:050236:250;2025-09-30;2025-09-30;2079-06-06
1644805172;174965646;689747147;0;2;6432;2025-09-30;2025-09-30;2079-06-06
1644805174;174965646;689747147;0;7;63701000176;2025-09-30;2025-09-30;2079-06-06
1644805176;174965646;689747147;0;15;61;2025-09-30;2025-09-30;2079-06-06
1644805178;174965646;689747147;0;21;63701000;2025-09-30;2025-09-30;2079-06-06
1502650354;15927635;589513531;689747181;8;64:22:140924:67;2025-09-30;2024-02-09;2025-09-30
1644805323;18169392;689747182;0;8;64:22:140313:256;2025-09-30;2025-09-30;2079-06-06
1644805577;77551111;689747334;0;8;64:16:040301:551;2025-09-30;2025-09-30;2079-06-06
1644805569;79472863;689747321;0;8;64:16:040301:789;2025-09-30;2025-09-30;2079-06-06
1644805574;79477957;689747331;0;8;64:16:040301:796;2025-09-30;2025-09-30;2079-06-06
1644805590;77574084;689747353;0;8;64:16:040301:1294;2025-09-30;2025-09-30;2079-06-06
1644805594;77586594;689747359;0;8;64:16:040301:667;2025-09-30;2025-09-30;2079-06-06
1644805665;40181046;689747375;0;8;64:16:040301:1333;2025-09-30;2025-09-30;2079-06-06
1644805668;41297033;689747377;0;8;64:16:040301:613;2025-09-30;2025-09-30;2079-06-06
1644805678;37123307;689747430;0;8;64:16:040301:1764;2025-09-30;2025-09-30;2079-06-06
1644805669;41282671;689747378;0;8;64:16:040301:368;2025-09-30;2025-09-30;2079-06-06
284034060;49933299;74965484;689747629;8;644:16:040301:620;2025-09-30;1900-01-01;2025-09-30
215833282;37125183;56336946;689747626;8;64:16:040301:657;2025-09-30;1900-01-01;2025-09-30
1398159689;49942490;507522023;689747701;8;64:16:040301:1369;2025-09-30;2023-07-31;2025-09-30
284188233;49959694;75004922;689747762;8;64:16:040301:397;2025-09-30;1900-01-01;2025-09-30
1397715739;62724314;507337128;689747821;8;64:16:0303017:240;2025-09-30;2023-07-21;2025-09-30
101851585;16031647;25473631;689747990;8;64:16:030317:382;2025-09-30;2017-04-17;2025-09-30
171664426;28872521;44365789;689748039;8;64:16:030317:158;2025-09-30;2017-06-02;2025-09-30
1592296826;28854901;638923577;689748130;8;64:16:030317:159;2025-09-30;2025-02-12;2025-09-30
171573932;28855058;44340870;689748271;8;64:16:030317:298;2025-09-30;2017-06-02;2025-09-30
171575405;28855268;44341225;689748350;8;64:16:030317:75;2025-09-30;2017-06-02;2025-09-30
171657728;28871415;44364272;689748859;8;64:16:030317:460;2025-09-30;2017-06-02;2025-09-30
171638681;28867887;44359197;689748924;8;64:16:030317:79;2025-09-30;2017-06-02;2025-09-30
171694655;28877280;44373715;689748959;8;64:16:030317:161;2025-09-30;2017-06-02;2025-09-30
1644811741;48756724;689749025;0;8;64:15:130701:535;2025-09-30;2025-09-30;2079-06-06
1644811742;28870945;689749026;0;8;64:16:030331:20;2025-09-30;2025-09-30;2079-06-06
1644812163;48742024;689749158;0;8;64:15:130701:500;2025-09-30;2025-09-30;2079-06-06
1644812286;65583483;689749186;0;8;64:16:030317:125;2025-09-30;2025-09-30;2079-06-06
1644812530;77615773;689749249;0;8;64:45:020334:275;2025-09-30;2025-09-30;2079-06-06
1644813370;174966520;689749402;0;2;6432;2025-09-30;2025-09-30;2079-06-06
1644813372;174966520;689749402;0;4;6415;2025-09-30;2025-09-30;2079-06-06
1644813374;174966520;689749402;0;7;63621459101;2025-09-30;2025-09-30;2079-06-06
1644813319;174966514;689749391;0;2;6439;2025-09-30;2025-09-30;2079-06-06
1644813321;174966514;689749391;0;4;6441;2025-09-30;2025-09-30;2079-06-06
1644813323;174966514;689749391;0;7;63649101001;2025-09-30;2025-09-30;2079-06-06
1644813325;174966514;689749391;0;15;7;2025-09-30;2025-09-30;2079-06-06
1644813327;174966514;689749391;0;21;63649101;2025-09-30;2025-09-30;2079-06-06
1644813427;79206905;689749409;0;8;64:16:030327:32;2025-09-30;2025-09-30;2079-06-06
1644813376;174966520;689749402;0;15;79;2025-09-30;2025-09-30;2079-06-06
1644813378;174966520;689749402;0;21;63621459;2025-09-30;2025-09-30;2079-06-06
1644813837;34205368;689750007;0;20;14.06.2024;2025-09-30;2025-09-30;2079-06-06
1644813841;67455926;689750011;0;20;11.09.2023;2025-09-30;2025-09-30;2079-06-06
1644813853;174966573;689750013;0;2;6432;2025-09-30;2025-09-30;2079-06-06
1644813855;174966573;689750013;0;7;63701000176;2025-09-30;2025-09-30;2079-06-06
1644813857;174966573;689750013;0;15;62;2025-09-30;2025-09-30;2079-06-06
1644813859;174966573;689750013;0;21;63701000;2025-09-30;2025-09-30;2079-06-06
1644813863;174966574;689750015;0;2;6432;2025-09-30;2025-09-30;2079-06-06
1644813865;174966574;689750015;0;7;63701000176;2025-09-30;2025-09-30;2079-06-06
1644813867;174966574;689750015;0;15;63;2025-09-30;2025-09-30;2079-06-06
1644813869;174966574;689750015;0;21;63701000;2025-09-30;2025-09-30;2079-06-06
1644813898;174843727;689750021;0;13;636504401610043008920010000000010;2025-09-30;2025-09-30;2079-06-06
1644813836;53502463;689750006;0;20;30.10.2019;2025-09-30;2025-09-30;2079-06-06
1644813840;58410702;689750010;0;20;05.06.2024;2025-09-30;2025-09-30;2079-06-06
1644813889;174966577;689750018;0;2;6450;2025-09-30;2025-09-30;2079-06-06
1644813891;174966577;689750018;0;7;63701000001;2025-09-30;2025-09-30;2079-06-06
1644813893;174966577;689750018;0;15;23;2025-09-30;2025-09-30;2079-06-06
1644813895;174966577;689750018;0;21;63701000;2025-09-30;2025-09-30;2079-06-06
665788638;97645305;153859239;689750046;8;64:48:020356:511;2025-09-30;2020-07-24;2025-09-30
1644813983;174966588;689750052;0;1;6449;2025-09-30;2025-09-30;2079-06-06
1644813985;174966588;689750052;0;6;63250000000;2025-09-30;2025-09-30;2079-06-06
1644813987;174966588;689750052;0;8;64:38:205801:397;2025-09-30;2025-09-30;2079-06-06
1644813989;174966588;689750052;0;13;636504400000365000020018000000000;2025-09-30;2025-09-30;2079-06-06
1644813991;174966589;689750053;0;1;6449;2025-09-30;2025-09-30;2079-06-06
1644813993;174966589;689750053;0;6;63250000000;2025-09-30;2025-09-30;2079-06-06
1644813995;174966589;689750053;0;8;64:38:205801:395;2025-09-30;2025-09-30;2079-06-06
1644813997;174966589;689750053;0;13;636504400000365000020019000000000;2025-09-30;2025-09-30;2079-06-06
1644814076;174966599;689750066;0;1;6432;2025-09-30;2025-09-30;2079-06-06
1644813974;62110854;689750049;0;13;636431580510000007620004000000010;2025-09-30;2025-09-30;2079-06-06
1644814036;174966594;689750061;0;7;63701000001;2025-09-30;2025-09-30;2079-06-06
1644814038;174966594;689750061;0;1;6450;2025-09-30;2025-09-30;2079-06-06
1644814040;174966594;689750061;0;3;6452;2025-09-30;2025-09-30;2079-06-06
1644814042;174966594;689750061;0;15;77;2025-09-30;2025-09-30;2079-06-06
1644814044;174966594;689750061;0;21;63701000;2025-09-30;2025-09-30;2079-06-06
1644814103;27782282;689750072;0;19;1;2025-09-30;2025-09-30;2079-06-06
1644814079;174966599;689750066;0;7;63701000156;2025-09-30;2025-09-30;2079-06-06
1644814081;174966599;689750066;0;15;19;2025-09-30;2025-09-30;2079-06-06
1644814083;174966599;689750066;0;21;63701000;2025-09-30;2025-09-30;2079-06-06
226447187;39069157;59211936;689750416;15;22;2025-09-30;2015-07-06;2025-09-30
1644815442;39069157;689750416;0;13;637010000017751775930070000000010;2025-09-30;2025-09-30;2079-06-06
1644815455;38803777;689750420;0;8;64:05:130704:161;2025-09-30;2025-09-30;2079-06-06
1644815459;16683890;689750422;0;8;64:05:130715:43;2025-09-30;2025-09-30;2079-06-06
1644815484;70934445;689750429;0;8;64:05:130709:99;2025-09-30;2025-09-30;2079-06-06
1644815534;59412978;689750449;0;8;64:05:130106:130;2025-09-30;2025-09-30;2079-06-06
1644815545;39487427;689750451;0;8;64:05:130112:414;2025-09-30;2025-09-30;2079-06-06
1494137581;77503940;582323512;689750457;8;64:05:130103:101;2025-09-30;2024-01-04;2025-09-30
1348146946;8806724;477385885;689750459;8;64:05:260206:205;2025-09-30;2022-11-23;2025-09-30
1348143211;70170672;477382576;689750461;8;64:05:260209:62;2025-09-30;2022-11-23;2025-09-30
199994223;34187801;52070074;689750432;8;64:05:130704:172;2025-09-30;2019-11-13;2025-09-30
1644815533;59524185;689750448;0;8;64:05:130106:150;2025-09-30;2025-09-30;2079-06-06
1644815595;51789608;689750464;0;8;64:05:260209:125;2025-09-30;2025-09-30;2079-06-06
1644815748;15428315;689750489;0;8;64:48:010121:519;2025-09-30;2025-09-30;2079-06-06
1644815797;96840471;689750504;0;8;64:48:010121:845;2025-09-30;2025-09-30;2079-06-06
1644815678;37714209;689750477;0;8;64:05:260207:109;2025-09-30;2025-09-30;2079-06-06
1644815689;29105052;689750479;0;8;64:05:260205:351;2025-09-30;2025-09-30;2079-06-06
1644815747;53301960;689750488;0;8;64:05:260204:225;2025-09-30;2025-09-30;2079-06-06
1644815749;53201428;689750490;0;8;64:05:260204:261;2025-09-30;2025-09-30;2079-06-06
1644815752;53149554;689750492;0;8;64:05:260204:254;2025-09-30;2025-09-30;2079-06-06
1644815754;15421667;689750494;0;8;64:48:010122:877;2025-09-30;2025-09-30;2079-06-06
1644815755;66194417;689750497;0;8;64:48:010121:924;2025-09-30;2025-09-30;2079-06-06
1644815882;17587690;689750525;0;8;64:05:150507:27;2025-09-30;2025-09-30;2079-06-06
441214446;79133141;117612469;689750562;8;64:16:030317:263;2025-09-30;2017-04-17;2025-09-30
1511660874;54974012;594534368;689750557;8;64:48:010108:1643;2025-09-30;2024-05-06;2025-09-30
360712996;64190349;95769138;689750629;8;64:48:040510:89;2025-09-30;2018-05-07;2025-09-30
360709456;64189069;95767369;689750645;8;64:48:040510:2580;2025-09-30;2018-05-07;2025-09-30
1348203753;52891801;477436607;689750659;8;64:05:150506:348;2025-09-30;2022-11-23;2025-09-30
441162384;79122146;117597958;689750661;8;64:16:030317:402;2025-09-30;2017-04-17;2025-09-30
197918180;33812338;51507415;689750725;8;64:48:030126:661;2025-09-30;2018-06-06;2025-09-30
1644816939;174966932;689750760;0;15;55;2025-09-30;2025-09-30;2079-06-06
1644816804;37012845;689750729;0;8;64:05:150506:901;2025-09-30;2025-09-30;2079-06-06
1644816805;37018086;689750730;0;8;64:05:150501:197;2025-09-30;2025-09-30;2079-06-06
1644816806;37019791;689750731;0;8;64:05:150506:488;2025-09-30;2025-09-30;2079-06-06
1644816870;33819047;689750746;0;8;64:48:030126:1071;2025-09-30;2025-09-30;2079-06-06
1644816935;174966932;689750760;0;2;6439;2025-09-30;2025-09-30;2079-06-06
1644816937;174966932;689750760;0;7;63607415221;2025-09-30;2025-09-30;2079-06-06
1644816940;174966932;689750760;0;13;636074152210000000920055000000000;2025-09-30;2025-09-30;2079-06-06
441109630;79112001;117583125;689750778;8;64:16:030317:350;2025-09-30;2017-04-17;2025-09-30
1644817276;174966962;689750836;0;1;6450;2025-09-30;2025-09-30;2079-06-06
1644817278;174966962;689750836;0;6;63401364000;2025-09-30;2025-09-30;2079-06-06
1644817280;174966962;689750836;0;8;64:48:010111:5287;2025-09-30;2025-09-30;2079-06-06
1644817282;174966962;689750836;0;13;637010000010000701620017000000000;2025-09-30;2025-09-30;2079-06-06
441145939;79118661;117592819;689750934;8;64:16:030317:308;2025-09-30;2017-04-17;2025-09-30
1348200044;61508613;477433292;689751070;8;64:05:250805:39;2025-09-30;2022-11-23;2025-09-30
1644819196;65866308;689751120;0;8;64:05:080103:302;2025-09-30;2025-09-30;2079-06-06
1644819376;78765883;689751152;0;8;64:37:140401:781;2025-09-30;2025-09-30;2079-06-06
1644819378;60806627;689751154;0;8;64:05:190302:332;2025-09-30;2025-09-30;2079-06-06
1644819530;79190417;689751190;0;8;64:16:030317:583;2025-09-30;2025-09-30;2079-06-06
1644819540;79349986;689751192;0;8;64:05:190302:264;2025-09-30;2025-09-30;2079-06-06
1644819842;58473659;689751250;0;8;64:05:190303:107;2025-09-30;2025-09-30;2079-06-06
1644819843;58505931;689751251;0;8;64:05:190301:60;2025-09-30;2025-09-30;2079-06-06
1644819844;58533523;689751252;0;8;64:05:190303:121;2025-09-30;2025-09-30;2079-06-06
1644820313;69322742;689751328;0;8;64:05:190301:79;2025-09-30;2025-09-30;2079-06-06
1644820602;174967310;689751395;0;7;63607415191;2025-09-30;2025-09-30;2079-06-06
1644820604;174967310;689751395;0;1;6439;2025-09-30;2025-09-30;2079-06-06
1644820606;174967310;689751395;0;15;30;2025-09-30;2025-09-30;2079-06-06
1644820608;174967310;689751395;0;21;63607415;2025-09-30;2025-09-30;2079-06-06
1644820600;79100659;689751394;0;8;64:16:030317:137;2025-09-30;2025-09-30;2079-06-06
1644820921;32564243;689751462;0;8;64:05:210401:46;2025-09-30;2025-09-30;2079-06-06
1494146860;30827340;582332790;689751935;8;64:33:030104:532;2025-09-30;2024-01-04;2025-09-30
1644821417;30845203;689751936;0;8;64:33:030103:1446;2025-09-30;2025-09-30;2079-06-06
1644821475;79115959;689751952;0;8;64:16:030317:626;2025-09-30;2025-09-30;2079-06-06
1644821940;174967451;689752073;0;1;6432;2025-09-30;2025-09-30;2079-06-06
1644821942;174967451;689752073;0;6;63201000000;2025-09-30;2025-09-30;2079-06-06
1644821944;174967451;689752073;0;8;64:32:025312:660;2025-09-30;2025-09-30;2079-06-06
1644821946;174967451;689752073;0;13;637010000007617000020086000000000;2025-09-30;2025-09-30;2079-06-06
1348200601;54798892;477433785;689752069;8;64:05:210201:53;2025-09-30;2022-11-23;2025-09-30
441164565;79122363;117598282;689752086;8;64:16:030317:451;2025-09-30;2017-04-17;2025-09-30
1644822065;24378938;689752099;0;8;64:05:170202:354;2025-09-30;2025-09-30;2079-06-06
1644822134;60925551;689752117;0;8;64:05:170201:176;2025-09-30;2025-09-30;2079-06-06
1502972842;80580635;589785316;689752360;8;64:05:160309:59;2025-09-30;2024-02-13;2025-09-30
1644823734;174967637;689752452;0;1;6432;2025-09-30;2025-09-30;2079-06-06
1644823736;174967637;689752452;0;6;63201000000;2025-09-30;2025-09-30;2079-06-06
1644823738;174967637;689752452;0;8;64:34:271701:563;2025-09-30;2025-09-30;2079-06-06
1644823740;174967637;689752452;0;13;637010000008217000020016000000000;2025-09-30;2025-09-30;2079-06-06
1554573255;19991608;609793808;689752496;8;64:05:230501:179;2025-09-30;2024-12-18;2025-09-30
1554573257;76592281;609793810;689752530;8;64:05:230504:117;2025-09-30;2024-12-18;2025-09-30
1348533139;69930816;477758608;689752561;8;64:05:230503:67;2025-09-30;2022-11-23;2025-09-30
1554573262;32197845;609793814;689752588;8;64:05:230501:177;2025-09-30;2024-12-18;2025-09-30
441045732;79099795;117565449;689752668;8;64:16:030317:355;2025-09-30;2017-04-17;2025-09-30
1502967580;74218944;589780202;689752676;8;64:05:240202:117;2025-09-30;2024-02-13;2025-09-30
1348588312;74199435;477813735;689752677;8;64:05:240202:207;2025-09-30;2022-11-23;2025-09-30
1644824776;174967748;689752679;0;1;6432;2025-09-30;2025-09-30;2079-06-06
1644824778;174967748;689752679;0;3;6415;2025-09-30;2025-09-30;2079-06-06
1644824780;174967748;689752679;0;6;63221000165;2025-09-30;2025-09-30;2079-06-06
1644824782;174967748;689752679;0;8;64:15:131101:696;2025-09-30;2025-09-30;2079-06-06
1644824784;174967748;689752679;0;13;636214591170000000330032000000000;2025-09-30;2025-09-30;2079-06-06
441128835;79115685;117588530;689752744;8;64:16:030317:272;2025-09-30;2017-04-17;2025-09-30
1348144951;28875175;477384103;689752808;8;64:05:250805:109;2025-09-30;2022-11-23;2025-09-30
441243223;79138313;117620281;689752830;8;64:16:030317:179;2025-09-30;2017-04-17;2025-09-30
1644825629;82065671;689752864;0;8;64:05:070505:92;2025-09-30;2025-09-30;2079-06-06
441007421;79093134;117555621;689752884;8;64:16:030317:221;2025-09-30;2017-04-17;2025-09-30
1348147874;32699890;477386714;689752972;8;64:05:120102:448;2025-09-30;2022-11-23;2025-09-30
441537367;79186755;117694524;689753023;8;64:16:030317:31;2025-09-30;2017-01-24;2025-09-30
1644826904;2463782;689753091;0;8;64:05:120105:281;2025-09-30;2025-09-30;2079-06-06
441247585;79139027;117621435;689753129;8;64:16:030317:13;2025-09-30;2017-04-17;2025-09-30
441105080;79111307;117582056;689753208;8;64:16:030317:12;2025-09-30;2017-04-17;2025-09-30
1348537371;34309464;477762841;689753226;8;64:05:000000:2416;2025-09-30;2022-11-23;2025-09-30
441607567;79199015;117713460;689753265;8;64:16:030317:99;2025-09-30;2017-03-23;2025-09-30
1644827807;74914607;689753289;0;8;64:05:110802:60;2025-09-30;2025-09-30;2079-06-06
1644827808;74946367;689753290;0;8;64:05:110801:327;2025-09-30;2025-09-30;2079-06-06
1644828737;12387009;689753425;0;8;64:16:040102:48;2025-09-30;2025-09-30;2079-06-06
1644831402;174968448;689754485;0;1;6432;2025-09-30;2025-09-30;2079-06-06
1644831404;174968448;689754485;0;6;63201000000;2025-09-30;2025-09-30;2079-06-06
1644831406;174968448;689754485;0;8;64:32:010111:550;2025-09-30;2025-09-30;2079-06-06
1644831408;174968448;689754485;0;13;637010000007762000030138000000000;2025-09-30;2025-09-30;2079-06-06
1644831410;174968449;689754486;0;1;6432;2025-09-30;2025-09-30;2079-06-06
1644831412;174968449;689754486;0;6;63201000000;2025-09-30;2025-09-30;2079-06-06
1644831414;174968449;689754486;0;8;64:32:022103:120;2025-09-30;2025-09-30;2079-06-06
1644831416;174968449;689754486;0;13;637010000007762000030139000000000;2025-09-30;2025-09-30;2079-06-06
1644831418;174968450;689754487;0;1;6432;2025-09-30;2025-09-30;2079-06-06
1644831420;174968450;689754487;0;6;63201000000;2025-09-30;2025-09-30;2079-06-06
1644831422;174968450;689754487;0;8;64:32:010111:308;2025-09-30;2025-09-30;2079-06-06
1644831424;174968450;689754487;0;13;637010000007762000030140000000000;2025-09-30;2025-09-30;2079-06-06
1644831426;174968451;689754488;0;1;6432;2025-09-30;2025-09-30;2079-06-06
1644831428;174968451;689754488;0;6;63201000000;2025-09-30;2025-09-30;2079-06-06
1644831430;174968451;689754488;0;8;64:32:022103:119;2025-09-30;2025-09-30;2079-06-06
1644831432;174968451;689754488;0;13;637010000007762000030141000000000;2025-09-30;2025-09-30;2079-06-06
1644831567;174968466;689754514;0;1;6432;2025-09-30;2025-09-30;2079-06-06
1644831569;174968466;689754514;0;3;6415;2025-09-30;2025-09-30;2079-06-06
1644831571;174968466;689754514;0;6;63221000165;2025-09-30;2025-09-30;2079-06-06
1644831573;174968466;689754514;0;8;64:15:131101:763;2025-09-30;2025-09-30;2079-06-06
1644831575;174968466;689754514;0;13;636214591170000000230178000000000;2025-09-30;2025-09-30;2079-06-06
1644831689;174968477;689754538;0;1;6453;2025-09-30;2025-09-30;2079-06-06
1644831691;174968477;689754538;0;6;63401376000;2025-09-30;2025-09-30;2079-06-06
1644831693;174968477;689754538;0;8;64:48:040102:75;2025-09-30;2025-09-30;2079-06-06
1644831695;174968477;689754538;0;13;637010000010000119230204000000000;2025-09-30;2025-09-30;2079-06-06
1644832629;174968558;689754822;0;1;6432;2025-09-30;2025-09-30;2079-06-06
1644832631;174968558;689754822;0;6;63201000000;2025-09-30;2025-09-30;2079-06-06
1644832633;174968558;689754822;0;8;64:48:040110:49;2025-09-30;2025-09-30;2079-06-06
1644832635;174968558;689754822;0;13;637010000007639000030003000000000;2025-09-30;2025-09-30;2079-06-06
1644832637;174968559;689754823;0;1;6432;2025-09-30;2025-09-30;2079-06-06
1644832639;174968559;689754823;0;6;63201000000;2025-09-30;2025-09-30;2079-06-06
1644832641;174968559;689754823;0;8;64:48:040110:38;2025-09-30;2025-09-30;2079-06-06
1644832643;174968559;689754823;0;13;637010000007639000030004000000000;2025-09-30;2025-09-30;2079-06-06
1644832645;174968560;689754824;0;1;6432;2025-09-30;2025-09-30;2079-06-06
1644832647;174968560;689754824;0;6;63201000000;2025-09-30;2025-09-30;2079-06-06
1644832649;174968560;689754824;0;8;64:48:020624:385;2025-09-30;2025-09-30;2079-06-06
1644832651;174968560;689754824;0;13;637010000007639000030005000000000;2025-09-30;2025-09-30;2079-06-06
1644832653;174968561;689754825;0;1;6432;2025-09-30;2025-09-30;2079-06-06
1644832655;174968561;689754825;0;6;63201000000;2025-09-30;2025-09-30;2079-06-06
1644832657;174968561;689754825;0;8;64:32:020624:393;2025-09-30;2025-09-30;2079-06-06
1644832659;174968561;689754825;0;13;637010000007639000030006000000000;2025-09-30;2025-09-30;2079-06-06
81377365;12399258;20022294;689754868;8;64:16:030317:613;2025-09-30;2017-06-01;2025-09-30
425018997;76119960;113226417;689754914;8;64:16:030317:603;2025-09-30;2017-06-01;2025-09-30
425073995;76129308;113240569;689755001;8;64:16:030317:546;2025-09-30;2017-06-01;2025-09-30
647997892;96132171;142372433;689755096;8;64:16:030317:184;2025-09-30;2020-03-26;2025-09-30
1644833966;56421933;689755119;0;8;64:16:040801:41;2025-09-30;2025-09-30;2079-06-06
1644834415;56288647;689755184;0;8;64:16:040801:37;2025-09-30;2025-09-30;2079-06-06
1644834487;56314167;689755207;0;8;64:16:000000:447;2025-09-30;2025-09-30;2079-06-06
1644834581;83291212;689755227;0;15;11;2025-09-30;2025-09-30;2079-06-06
318605737;56436264;84403433;689755248;8;64:16:040904:181;2025-09-30;2014-01-10;2025-09-30
35649322;3892397;7584812;689755327;8;64:16:010333:122;2025-09-30;1900-01-01;2025-09-30
1644835428;18081599;689755376;0;8;64:45:030240:74;2025-09-30;2025-09-30;2079-06-06
1644835623;3891747;689755404;0;8;64:16:040904:133;2025-09-30;2025-09-30;2079-06-06
1644835601;174968878;689755399;0;2;6432;2025-09-30;2025-09-30;2079-06-06
1644835603;174968878;689755399;0;4;6415;2025-09-30;2025-09-30;2079-06-06
1644835605;174968878;689755399;0;7;63621459117;2025-09-30;2025-09-30;2079-06-06
1644835607;174968878;689755399;0;15;33;2025-09-30;2025-09-30;2079-06-06
1644835609;174968878;689755399;0;21;63621459;2025-09-30;2025-09-30;2079-06-06
1644836021;34427045;689755466;0;8;64:16:000000:503;2025-09-30;2025-09-30;2079-06-06
1644836147;34433910;689755497;0;8;64:16:000000:507;2025-09-30;2025-09-30;2079-06-06
1644836276;34431450;689755521;0;8;64:16:040904:102;2025-09-30;2025-09-30;2079-06-06
1644836844;75550083;689755625;0;8;64:45:040103:304;2025-09-30;2025-09-30;2079-06-06
1644837686;174969098;689755733;0;2;6450;2025-09-30;2025-09-30;2079-06-06
1644837688;174969098;689755733;0;7;63701000001;2025-09-30;2025-09-30;2079-06-06
1644837690;174969098;689755733;0;15;1;2025-09-30;2025-09-30;2079-06-06
1644837692;174969098;689755733;0;21;63701000;2025-09-30;2025-09-30;2079-06-06
1644837807;31075345;689755751;0;13;636351010010000014720003000000020;2025-09-30;2025-09-30;2079-06-06
1644838224;174969157;689755908;0;2;6432;2025-09-30;2025-09-30;2079-06-06
1644838226;174969157;689755908;0;4;6444;2025-09-30;2025-09-30;2079-06-06
1644838228;174969157;689755908;0;7;63635101001;2025-09-30;2025-09-30;2079-06-06
1644838230;174969157;689755908;0;15;59;2025-09-30;2025-09-30;2079-06-06
1644838232;174969157;689755908;0;21;63635101;2025-09-30;2025-09-30;2079-06-06
1644838636;174969201;689755965;0;2;6432;2025-09-30;2025-09-30;2079-06-06
1644838638;174969201;689755965;0;4;6415;2025-09-30;2025-09-30;2079-06-06
1644838640;174969201;689755965;0;7;63621459126;2025-09-30;2025-09-30;2079-06-06
1644838642;174969201;689755965;0;15;50;2025-09-30;2025-09-30;2079-06-06
1644838644;174969201;689755965;0;21;63621459;2025-09-30;2025-09-30;2079-06-06
1644838912;32999944;689756012;0;8;64:25:000000:1366;2025-09-30;2025-09-30;2079-06-06
1644839230;58944518;689756094;0;13;636351010010000014020065000000020;2025-09-30;2025-09-30;2079-06-06
1644839950;55669847;689756283;0;8;64:45:000000:2043;2025-09-30;2025-09-30;2079-06-06
1644840205;65830567;689756332;0;8;64:45:030133:40;2025-09-30;2025-09-30;2079-06-06
1644841786;10169172;689756587;0;15;126;2025-09-30;2025-09-30;2079-06-06
1644841788;10169172;689756587;0;8;64:17:050101:173;2025-09-30;2025-09-30;2079-06-06
1644841694;84373563;689756562;0;8;64:45:000000:2053;2025-09-30;2025-09-30;2079-06-06
69297996;10159171;16736520;689756620;15;45;2025-09-30;2011-12-31;2025-09-30
69297974;10159171;16736520;689756620;7;63623425;2025-09-30;2011-12-31;2025-09-30
1644841963;10159171;689756620;0;8;64:17:050101:140;2025-09-30;2025-09-30;2079-06-06
1644842525;10116472;689756688;0;8;64:17:050101:524;2025-09-30;2025-09-30;2079-06-06
1644843207;174969659;689756835;0;2;6432;2025-09-30;2025-09-30;2079-06-06
1644843209;174969659;689756835;0;4;6444;2025-09-30;2025-09-30;2079-06-06
1644843211;174969659;689756835;0;7;63635101001;2025-09-30;2025-09-30;2079-06-06
1644843213;174969659;689756835;0;15;63;2025-09-30;2025-09-30;2079-06-06
1644843215;174969659;689756835;0;21;63635101;2025-09-30;2025-09-30;2079-06-06
1644844230;30680247;689757093;0;8;64:45:030131:313;2025-09-30;2025-09-30;2079-06-06
1348328768;69300731;477554238;689783974;8;64:21:070102:59;2025-10-01;2022-11-23;2025-10-01
1348323029;53377915;477548501;689783975;8;64:21:111001:142;2025-10-01;2022-11-23;2025-10-01
1644888301;53382556;689783977;0;8;64:21:111001:156;2025-10-01;2025-10-01;2079-06-06
1644888303;53282459;689783978;0;8;64:21:111001:165;2025-10-01;2025-10-01;2079-06-06
1644888445;57904965;689784014;0;8;64:15:000000:2997;2025-10-01;2025-10-01;2079-06-06
1644888469;34006347;689784026;0;8;64:26:120501:176;2025-10-01;2025-10-01;2079-06-06
1524653242;32307591;600705008;689784004;8;64:15:000000:8130;2025-10-01;2024-09-06;2025-10-01
1532111771;33177684;603752487;689784013;8;64:35:070501:53;2025-10-01;2024-10-07;2025-10-01
1644888462;78602585;689784022;0;8;64:26:120801:42;2025-10-01;2025-10-01;2079-06-06
1644888490;43536378;689784049;0;8;64:26:120801:44;2025-10-01;2025-10-01;2079-06-06
1644888502;29426907;689784064;0;8;64:26:120501:278;2025-10-01;2025-10-01;2079-06-06
1644888519;44605859;689784076;0;8;64:26:100410:87;2025-10-01;2025-10-01;2079-06-06
1644888551;57132128;689784114;0;8;64:26:081001:126;2025-10-01;2025-10-01;2079-06-06
1644888501;49957823;689784063;0;8;64:26:120501:247;2025-10-01;2025-10-01;2079-06-06
1644888514;44658634;689784073;0;8;64:26:100410:79;2025-10-01;2025-10-01;2079-06-06
1644888550;57122938;689784113;0;8;64:26:100607:52;2025-10-01;2025-10-01;2079-06-06
1644888692;84145397;689784138;0;8;64:26:081001:160;2025-10-01;2025-10-01;2079-06-06
1644888658;84126410;689784132;0;8;64:26:081001:99;2025-10-01;2025-10-01;2079-06-06
1644888951;174973520;689784259;0;1;6432;2025-10-01;2025-10-01;2079-06-06
1644888953;174973520;689784259;0;3;6446;2025-10-01;2025-10-01;2079-06-06
1644888955;174973520;689784259;0;6;63247551000;2025-10-01;2025-10-01;2079-06-06
1644888957;174973520;689784259;0;8;64:35:350106:37;2025-10-01;2025-10-01;2079-06-06
1644888959;174973520;689784259;0;13;636471510510000005520240000000000;2025-10-01;2025-10-01;2079-06-06
1644889150;174973543;689784286;0;1;6449;2025-10-01;2025-10-01;2079-06-06
1644889152;174973543;689784286;0;6;63226000000;2025-10-01;2025-10-01;2079-06-06
1644889154;174973543;689784286;0;8;64:20:000000:3775;2025-10-01;2025-10-01;2079-06-06
1644889156;174973543;689784286;0;13;636264650000019000020044000000000;2025-10-01;2025-10-01;2079-06-06
1644889307;37905400;689784308;0;8;64:21:130706:2684;2025-10-01;2025-10-01;2079-06-06
1643586716;37877985;689379937;689784309;8;64:21:130706:3006;2025-10-01;2025-09-23;2025-10-01
1644889310;174973562;689784311;0;1;6432;2025-10-01;2025-10-01;2079-06-06
1644889312;174973562;689784311;0;6;63229551000;2025-10-01;2025-10-01;2079-06-06
1644889314;174973562;689784311;0;8;64:21:130627:49;2025-10-01;2025-10-01;2079-06-06
1644889316;174973562;689784311;0;13;636291510510000003020300000000000;2025-10-01;2025-10-01;2079-06-06
1644889409;174973574;689784326;0;1;6432;2025-10-01;2025-10-01;2079-06-06
1644889411;174973574;689784326;0;6;63229551000;2025-10-01;2025-10-01;2079-06-06
1644889413;174973574;689784326;0;8;64:21:130628:39;2025-10-01;2025-10-01;2079-06-06
1644889415;174973574;689784326;0;13;636291510510000003020301000000000;2025-10-01;2025-10-01;2079-06-06
1643586721;37909128;689379943;689784330;8;64:21:130706:204;2025-10-01;2025-09-23;2025-10-01
1643586723;37935237;689379945;689784332;8;64:21:130706:1343;2025-10-01;2025-09-23;2025-10-01
1644889427;37901172;689784329;0;8;64:21:130706:2693;2025-10-01;2025-10-01;2079-06-06
1643586724;37820115;689379946;689784335;8;64:21:130706:2018;2025-10-01;2025-09-23;2025-10-01
1643586725;41327100;689379947;689784337;8;64:21:130706:3022;2025-10-01;2025-09-23;2025-10-01
1644889462;174973579;689784339;0;1;6432;2025-10-01;2025-10-01;2079-06-06
1644889464;174973579;689784339;0;6;63229551000;2025-10-01;2025-10-01;2079-06-06
1644889466;174973579;689784339;0;8;64:21:130735:26;2025-10-01;2025-10-01;2079-06-06
1644889468;174973579;689784339;0;13;636291510510000003120185000000000;2025-10-01;2025-10-01;2079-06-06
1643586730;41342204;689379952;689784343;8;64:21:130706:2029;2025-10-01;2025-09-23;2025-10-01
1643586728;41331345;689379950;689784342;8;64:21:130706:2027;2025-10-01;2025-09-23;2025-10-01
172728018;29079225;44662934;689784374;8;64:18:05/901:398;2025-10-01;2015-10-06;2025-10-01
172737608;29080788;44665204;689784385;8;64:18:05/901:282;2025-10-01;2015-10-06;2025-10-01
172726857;29079077;44662701;689784386;8;64:18:05/901:296;2025-10-01;2015-10-06;2025-10-01
1644889606;174973588;689784410;0;1;6432;2025-10-01;2025-10-01;2079-06-06
1644889608;174973588;689784410;0;3;6446;2025-10-01;2025-10-01;2079-06-06
1644889610;174973588;689784410;0;6;63247551000;2025-10-01;2025-10-01;2079-06-06
1644889612;174973588;689784410;0;8;64:35:350504:1381;2025-10-01;2025-10-01;2079-06-06
1644889614;174973588;689784410;0;13;636471510510000000020002000000000;2025-10-01;2025-10-01;2079-06-06
1644889626;36925663;689784412;0;8;64:45:000000:1631;2025-10-01;2025-10-01;2079-06-06
1644889639;9056042;689784416;0;8;64:45:020303:46;2025-10-01;2025-10-01;2079-06-06
1644889594;174973587;689784407;0;1;6432;2025-10-01;2025-10-01;2079-06-06
1644889596;174973587;689784407;0;3;6446;2025-10-01;2025-10-01;2079-06-06
1644889598;174973587;689784407;0;6;63247551000;2025-10-01;2025-10-01;2079-06-06
1644889600;174973587;689784407;0;8;64:35:350504:2025;2025-10-01;2025-10-01;2079-06-06
1644889602;174973587;689784407;0;13;636471510510000000020001000000000;2025-10-01;2025-10-01;2079-06-06
1644889616;174973589;689784411;0;1;6432;2025-10-01;2025-10-01;2079-06-06
1644889618;174973589;689784411;0;3;6446;2025-10-01;2025-10-01;2079-06-06
1644889620;174973589;689784411;0;6;63247551000;2025-10-01;2025-10-01;2079-06-06
1644889622;174973589;689784411;0;8;64:35:350504:186;2025-10-01;2025-10-01;2079-06-06
1644889624;174973589;689784411;0;13;636471510510000000020003000000000;2025-10-01;2025-10-01;2079-06-06
1644889627;174973590;689784413;0;1;6432;2025-10-01;2025-10-01;2079-06-06
1644889629;174973590;689784413;0;3;6444;2025-10-01;2025-10-01;2079-06-06
1644889631;174973590;689784413;0;6;63235501000;2025-10-01;2025-10-01;2079-06-06
1644889633;174973590;689784413;0;8;64:45:000000:1627;2025-10-01;2025-10-01;2079-06-06
1644889635;174973590;689784413;0;13;636351010010000016620203000000000;2025-10-01;2025-10-01;2079-06-06
1644889638;9056806;689784415;0;8;64:45:020405:270;2025-10-01;2025-10-01;2079-06-06
1644889641;174973591;689784417;0;2;6432;2025-10-01;2025-10-01;2079-06-06
1644889643;174973591;689784417;0;4;6444;2025-10-01;2025-10-01;2079-06-06
1644889645;174973591;689784417;0;7;63635101001;2025-10-01;2025-10-01;2079-06-06
1644889647;174973591;689784417;0;15;330;2025-10-01;2025-10-01;2079-06-06
1644889649;174973591;689784417;0;21;63635101;2025-10-01;2025-10-01;2079-06-06
1644889666;174973593;689784424;0;2;6432;2025-10-01;2025-10-01;2079-06-06
1644889668;174973593;689784424;0;4;6444;2025-10-01;2025-10-01;2079-06-06
1644889670;174973593;689784424;0;7;63635101001;2025-10-01;2025-10-01;2079-06-06
1644889672;174973593;689784424;0;15;342;2025-10-01;2025-10-01;2079-06-06
1644889674;174973593;689784424;0;21;63635101;2025-10-01;2025-10-01;2079-06-06
1644889695;18103842;689784427;0;8;64:45:020619:31;2025-10-01;2025-10-01;2079-06-06
1644889707;174973597;689784429;0;2;6432;2025-10-01;2025-10-01;2079-06-06
1644889709;174973597;689784429;0;4;6444;2025-10-01;2025-10-01;2079-06-06
1644889711;174973597;689784429;0;7;63635101001;2025-10-01;2025-10-01;2079-06-06
1644889713;174973597;689784429;0;15;49;2025-10-01;2025-10-01;2079-06-06
1644889715;174973597;689784429;0;21;63635101;2025-10-01;2025-10-01;2079-06-06
1644889802;174973606;689784443;0;2;6432;2025-10-01;2025-10-01;2079-06-06
1644889804;174973606;689784443;0;4;6444;2025-10-01;2025-10-01;2079-06-06
1644889806;174973606;689784443;0;7;63635101001;2025-10-01;2025-10-01;2079-06-06
1644889808;174973606;689784443;0;15;331;2025-10-01;2025-10-01;2079-06-06
1644889810;174973606;689784443;0;21;63635101;2025-10-01;2025-10-01;2079-06-06
1644889812;174973607;689784444;0;2;6432;2025-10-01;2025-10-01;2079-06-06
1644889814;174973607;689784444;0;4;6444;2025-10-01;2025-10-01;2079-06-06
1644889816;174973607;689784444;0;7;63635101001;2025-10-01;2025-10-01;2079-06-06
1644889818;174973607;689784444;0;15;332;2025-10-01;2025-10-01;2079-06-06
1644889820;174973607;689784444;0;21;63635101;2025-10-01;2025-10-01;2079-06-06
1644889822;174973608;689784445;0;2;6432;2025-10-01;2025-10-01;2079-06-06
1644889824;174973608;689784445;0;4;6444;2025-10-01;2025-10-01;2079-06-06
1644889826;174973608;689784445;0;7;63635101001;2025-10-01;2025-10-01;2079-06-06
1644889828;174973608;689784445;0;15;333;2025-10-01;2025-10-01;2079-06-06
1644889830;174973608;689784445;0;21;63635101;2025-10-01;2025-10-01;2079-06-06
1644889832;174973609;689784446;0;2;6432;2025-10-01;2025-10-01;2079-06-06
1644889737;174973600;689784432;0;2;6432;2025-10-01;2025-10-01;2079-06-06
1644889739;174973600;689784432;0;4;6444;2025-10-01;2025-10-01;2079-06-06
1644889741;174973600;689784432;0;7;63635101001;2025-10-01;2025-10-01;2079-06-06
1644889743;174973600;689784432;0;15;287;2025-10-01;2025-10-01;2079-06-06
1644889745;174973600;689784432;0;21;63635101;2025-10-01;2025-10-01;2079-06-06
1644889747;174973601;689784433;0;2;6432;2025-10-01;2025-10-01;2079-06-06
1644889749;174973601;689784433;0;4;6444;2025-10-01;2025-10-01;2079-06-06
1644889751;174973601;689784433;0;7;63635101001;2025-10-01;2025-10-01;2079-06-06
1644889753;174973601;689784433;0;15;288;2025-10-01;2025-10-01;2079-06-06
1644889755;174973601;689784433;0;21;63635101;2025-10-01;2025-10-01;2079-06-06
1644889834;174973609;689784446;0;4;6444;2025-10-01;2025-10-01;2079-06-06
1644889836;174973609;689784446;0;7;63635101001;2025-10-01;2025-10-01;2079-06-06
1644889838;174973609;689784446;0;15;334;2025-10-01;2025-10-01;2079-06-06
1644889840;174973609;689784446;0;21;63635101;2025-10-01;2025-10-01;2079-06-06
1644891781;174974618;689785548;0;2;6450;2025-10-01;2025-10-01;2079-06-06
1644891783;174974618;689785548;0;7;63701000001;2025-10-01;2025-10-01;2079-06-06
1644891785;174974618;689785548;0;15;79;2025-10-01;2025-10-01;2079-06-06
1644891787;174974618;689785548;0;21;63701000;2025-10-01;2025-10-01;2079-06-06
1644891810;9688996;689785558;0;8;64:21:220105:1078;2025-10-01;2025-10-01;2079-06-06
1644892426;42137219;689785727;0;8;64:48:000000:13229;2025-10-01;2025-10-01;2079-06-06
1644893063;173867281;689785917;0;8;64:06:000000:4022;2025-10-01;2025-10-01;2079-06-06
1644893068;173867290;689785920;0;8;64:06:000000:4039;2025-10-01;2025-10-01;2079-06-06
1644893067;173867289;689785919;0;8;64:06:000000:4222;2025-10-01;2025-10-01;2079-06-06
1644893344;174974825;689786094;0;1;6439;2025-10-01;2025-10-01;2079-06-06
1644893346;174974825;689786094;0;6;63207501000;2025-10-01;2025-10-01;2079-06-06
1644893348;174974825;689786094;0;8;64:40:040901:690;2025-10-01;2025-10-01;2079-06-06
1644893350;174974825;689786094;0;13;636071010010605071820004000000000;2025-10-01;2025-10-01;2079-06-06
1644893354;174974826;689786096;0;1;6439;2025-10-01;2025-10-01;2079-06-06
1644893356;174974826;689786096;0;6;63207501000;2025-10-01;2025-10-01;2079-06-06
1644893358;174974826;689786096;0;8;64:05:010503:1925;2025-10-01;2025-10-01;2079-06-06
1644893360;174974826;689786096;0;13;636071010010000057120024000000000;2025-10-01;2025-10-01;2079-06-06
1644893375;23440224;689786101;0;13;636071010010000007620009000000010;2025-10-01;2025-10-01;2079-06-06
1644893833;174974881;689786212;0;2;6432;2025-10-01;2025-10-01;2079-06-06
1644893835;174974881;689786212;0;4;6438;2025-10-01;2025-10-01;2079-06-06
1644893837;174974881;689786212;0;7;63625151051;2025-10-01;2025-10-01;2079-06-06
1644893839;174974881;689786212;0;15;55;2025-10-01;2025-10-01;2079-06-06
1644893841;174974881;689786212;0;21;63625151;2025-10-01;2025-10-01;2079-06-06
1644929820;10192001;689795790;0;8;64:17:050101:298;2025-10-01;2025-10-01;2079-06-06
1644982451;174986569;689810479;0;2;6439;2025-10-01;2025-10-01;2079-06-06
1644982453;174986569;689810479;0;7;63607460106;2025-10-01;2025-10-01;2079-06-06
1644982455;174986569;689810479;0;15;2;2025-10-01;2025-10-01;2079-06-06
1644982457;174986569;689810479;0;21;63607460;2025-10-01;2025-10-01;2079-06-06
1644982564;25072237;689810511;0;8;64:17:180101:315;2025-10-01;2025-10-01;2079-06-06
1644982584;16747890;689810517;0;8;64:17:180101:328;2025-10-01;2025-10-01;2079-06-06
1644982583;16748353;689810516;0;8;64:17:180101:330;2025-10-01;2025-10-01;2079-06-06
1644992576;77526869;689813057;0;8;64:17:180101:304;2025-10-01;2025-10-01;2079-06-06
1644992580;21837941;689813061;0;8;64:17:180101:290;2025-10-01;2025-10-01;2079-06-06
1644992593;21841671;689813065;0;8;64:17:180101:435;2025-10-01;2025-10-01;2079-06-06
1348184342;77520656;477419300;689813056;8;64:17:180101:346;2025-10-01;2022-11-23;2025-10-01
1644992594;21845438;689813066;0;8;64:17:180101:296;2025-10-01;2025-10-01;2079-06-06
1644995395;74856463;689813602;0;8;64:17:020101:468;2025-10-01;2025-10-01;2079-06-06
1644995580;41433264;689813649;0;8;64:17:020101:508;2025-10-01;2025-10-01;2079-06-06
1644996282;77503793;689813821;0;8;64:17:180101:387;2025-10-01;2025-10-01;2079-06-06
1644996632;37984198;689813905;0;8;64:17:180101:510;2025-10-01;2025-10-01;2079-06-06
1644996760;37989911;689813926;0;8;64:17:180101:378;2025-10-01;2025-10-01;2079-06-06
1644996784;174988899;689813932;0;2;6439;2025-10-01;2025-10-01;2079-06-06
1644996786;174988899;689813932;0;7;63623101001;2025-10-01;2025-10-01;2079-06-06
1644996788;174988899;689813932;0;15;47;2025-10-01;2025-10-01;2079-06-06
1644996790;174988899;689813932;0;21;63623101;2025-10-01;2025-10-01;2079-06-06
1644997780;10374554;689814320;0;8;64:17:180201:77;2025-10-01;2025-10-01;2079-06-06
1644998023;10373205;689814386;0;8;64:17:180201:87;2025-10-01;2025-10-01;2079-06-06
1644999248;31454334;689814852;0;8;64:17:050101:211;2025-10-01;2025-10-01;2079-06-06
1645016172;37123605;689819446;0;8;64:16:040301:541;2025-10-01;2025-10-01;2079-06-06
1645016182;174991712;689819452;0;2;6449;2025-10-01;2025-10-01;2079-06-06
1645016184;174991712;689819452;0;7;63650440161;2025-10-01;2025-10-01;2079-06-06
1645016188;174991712;689819452;0;15;92;2025-10-01;2025-10-01;2079-06-06
1645016190;174991712;689819452;0;21;63650440;2025-10-01;2025-10-01;2079-06-06
1645016206;174991714;689819458;0;2;6432;2025-10-01;2025-10-01;2079-06-06
1645016208;174991714;689819458;0;7;63701000;2025-10-01;2025-10-01;2079-06-06
1645016211;174991714;689819458;0;15;140;2025-10-01;2025-10-01;2079-06-06
1645016214;174991714;689819458;0;21;63701000;2025-10-01;2025-10-01;2079-06-06
1645016339;174991728;689819493;0;2;6449;2025-10-01;2025-10-01;2079-06-06
1645016341;174991728;689819493;0;7;63650440161;2025-10-01;2025-10-01;2079-06-06
1645016343;174991728;689819493;0;15;130;2025-10-01;2025-10-01;2079-06-06
1645016345;174991728;689819493;0;21;63650440;2025-10-01;2025-10-01;2079-06-06
1645016347;174991729;689819494;0;2;6449;2025-10-01;2025-10-01;2079-06-06
1645016349;174991729;689819494;0;7;63650440161;2025-10-01;2025-10-01;2079-06-06
1645016352;174991729;689819494;0;15;131;2025-10-01;2025-10-01;2079-06-06
1645016354;174991729;689819494;0;21;63650440;2025-10-01;2025-10-01;2079-06-06
1645016356;174991730;689819496;0;2;6449;2025-10-01;2025-10-01;2079-06-06
1645016358;174991730;689819496;0;7;63650440161;2025-10-01;2025-10-01;2079-06-06
1645016360;174991730;689819496;0;15;132;2025-10-01;2025-10-01;2079-06-06
1645016362;174991730;689819496;0;21;63650440;2025-10-01;2025-10-01;2079-06-06
1645016283;174991722;689819481;0;2;6449;2025-10-01;2025-10-01;2079-06-06
1645016285;174991722;689819481;0;7;63650440161;2025-10-01;2025-10-01;2079-06-06
1645016287;174991722;689819481;0;15;129;2025-10-01;2025-10-01;2079-06-06
1645016289;174991722;689819481;0;21;63650440;2025-10-01;2025-10-01;2079-06-06
1645016469;56300276;689819542;0;8;64:38:085801:913;2025-10-01;2025-10-01;2079-06-06
1645016656;47325121;689819616;0;8;64:21:130826:59;2025-10-01;2025-10-01;2079-06-06
1645016674;174991754;689819625;0;1;6432;2025-10-01;2025-10-01;2079-06-06
1645016676;174991754;689819625;0;6;63229551000;2025-10-01;2025-10-01;2079-06-06
1645016678;174991754;689819625;0;8;64:21:130304:68;2025-10-01;2025-10-01;2079-06-06
1645016680;174991754;689819625;0;13;636291510510000003720060000000000;2025-10-01;2025-10-01;2079-06-06
1643586798;58504299;689379968;689819631;8;64:21:130706:3073;2025-10-01;2025-09-23;2025-10-01
1643586802;52540120;689379972;689819635;8;64:21:130706:1407;2025-10-01;2025-09-23;2025-10-01
1645016697;174991755;689819640;0;1;6432;2025-10-01;2025-10-01;2079-06-06
1645016699;174991755;689819640;0;3;6444;2025-10-01;2025-10-01;2079-06-06
1645016658;174991753;689819618;0;1;6432;2025-10-01;2025-10-01;2079-06-06
1645016660;174991753;689819618;0;6;63229551000;2025-10-01;2025-10-01;2079-06-06
1645016662;174991753;689819618;0;8;64:21:130608:25;2025-10-01;2025-10-01;2079-06-06
1645016665;174991753;689819618;0;13;636291510510000003520019000000000;2025-10-01;2025-10-01;2079-06-06
1645016672;83608392;689819623;0;8;64:21:130530:108;2025-10-01;2025-10-01;2079-06-06
1645016684;58492899;689819628;0;8;64:21:130207:82;2025-10-01;2025-10-01;2079-06-06
1645016691;52540890;689819633;0;8;64:21:130706:2914;2025-10-01;2025-10-01;2079-06-06
1645016743;174991759;689819648;0;2;6432;2025-10-01;2025-10-01;2079-06-06
1645016745;174991759;689819648;0;4;6444;2025-10-01;2025-10-01;2079-06-06
1645016747;174991759;689819648;0;7;63635101001;2025-10-01;2025-10-01;2079-06-06
1645016749;174991759;689819648;0;15;30;2025-10-01;2025-10-01;2079-06-06
1645016752;174991759;689819648;0;21;63635101;2025-10-01;2025-10-01;2079-06-06
1645016701;174991755;689819640;0;6;63235501000;2025-10-01;2025-10-01;2079-06-06
1645016703;174991755;689819640;0;8;64:45:050103:357;2025-10-01;2025-10-01;2079-06-06
1645016708;174991755;689819640;0;13;636351010010000011130209000000000;2025-10-01;2025-10-01;2079-06-06
1645016710;174991756;689819643;0;1;6432;2025-10-01;2025-10-01;2079-06-06
1645016712;174991756;689819643;0;3;6444;2025-10-01;2025-10-01;2079-06-06
1645016714;174991756;689819643;0;6;63235501000;2025-10-01;2025-10-01;2079-06-06
1645016716;174991756;689819643;0;8;64:45:030128:80;2025-10-01;2025-10-01;2079-06-06
1645016718;174991756;689819643;0;13;636351010010000011120210000000000;2025-10-01;2025-10-01;2079-06-06
1645016720;174991757;689819644;0;1;6432;2025-10-01;2025-10-01;2079-06-06
1645016722;174991757;689819644;0;3;6444;2025-10-01;2025-10-01;2079-06-06
1645016724;174991757;689819644;0;6;63235501000;2025-10-01;2025-10-01;2079-06-06
1645016726;174991757;689819644;0;8;64:45:020213:359;2025-10-01;2025-10-01;2079-06-06
1645016729;174991757;689819644;0;13;636351010010000011120211000000000;2025-10-01;2025-10-01;2079-06-06
1645016731;174991758;689819646;0;1;6432;2025-10-01;2025-10-01;2079-06-06
1645016733;174991758;689819646;0;3;6444;2025-10-01;2025-10-01;2079-06-06
1645016735;174991758;689819646;0;6;63235501000;2025-10-01;2025-10-01;2079-06-06
1645016737;174991758;689819646;0;8;64:25:090202:1381;2025-10-01;2025-10-01;2079-06-06
1645016739;174991758;689819646;0;13;636351010010000011120212000000000;2025-10-01;2025-10-01;2079-06-06
1645016812;174991764;689819671;0;1;6432;2025-10-01;2025-10-01;2079-06-06
1645016814;174991764;689819671;0;3;6444;2025-10-01;2025-10-01;2079-06-06
1645016816;174991764;689819671;0;6;63235501000;2025-10-01;2025-10-01;2079-06-06
1645016818;174991764;689819671;0;8;64:45:040122:119;2025-10-01;2025-10-01;2079-06-06
1645016823;174991764;689819671;0;13;636351010010000016620204000000000;2025-10-01;2025-10-01;2079-06-06
1645016825;174991765;689819674;0;1;6432;2025-10-01;2025-10-01;2079-06-06
1645016827;174991765;689819674;0;3;6444;2025-10-01;2025-10-01;2079-06-06
1645016829;174991765;689819674;0;6;63235501000;2025-10-01;2025-10-01;2079-06-06
1645016807;36947518;689819667;0;8;64:45:000000:1622;2025-10-01;2025-10-01;2079-06-06
1645016866;174991769;689819678;0;2;6432;2025-10-01;2025-10-01;2079-06-06
1645016868;174991769;689819678;0;4;6444;2025-10-01;2025-10-01;2079-06-06
1645016870;174991769;689819678;0;7;63635101001;2025-10-01;2025-10-01;2079-06-06
1645016872;174991769;689819678;0;15;31;2025-10-01;2025-10-01;2079-06-06
1645016874;174991769;689819678;0;21;63635101;2025-10-01;2025-10-01;2079-06-06
1645016832;174991765;689819674;0;15;205;2025-10-01;2025-10-01;2079-06-06
1645016834;174991765;689819674;0;21;63635101;2025-10-01;2025-10-01;2079-06-06
1645016836;174991766;689819675;0;2;6432;2025-10-01;2025-10-01;2079-06-06
1645016838;174991766;689819675;0;4;6444;2025-10-01;2025-10-01;2079-06-06
1645016840;174991766;689819675;0;7;63635101001;2025-10-01;2025-10-01;2079-06-06
1645016842;174991766;689819675;0;15;206;2025-10-01;2025-10-01;2079-06-06
1645016844;174991766;689819675;0;21;63635101;2025-10-01;2025-10-01;2079-06-06
1645016846;174991767;689819676;0;2;6432;2025-10-01;2025-10-01;2079-06-06
1645016848;174991767;689819676;0;4;6444;2025-10-01;2025-10-01;2079-06-06
1645016850;174991767;689819676;0;7;63635101001;2025-10-01;2025-10-01;2079-06-06
1645016852;174991767;689819676;0;15;207;2025-10-01;2025-10-01;2079-06-06
1645016854;174991767;689819676;0;21;63635101;2025-10-01;2025-10-01;2079-06-06
1645016856;174991768;689819677;0;2;6432;2025-10-01;2025-10-01;2079-06-06
1645016858;174991768;689819677;0;4;6444;2025-10-01;2025-10-01;2079-06-06
1645016860;174991768;689819677;0;7;63635101001;2025-10-01;2025-10-01;2079-06-06
1645016862;174991768;689819677;0;15;208;2025-10-01;2025-10-01;2079-06-06
1645016864;174991768;689819677;0;21;63635101;2025-10-01;2025-10-01;2079-06-06
1645016875;24682899;689819679;0;8;64:45:050103:135;2025-10-01;2025-10-01;2079-06-06
1645016923;174991775;689819689;0;1;6432;2025-10-01;2025-10-01;2079-06-06
1645016925;174991775;689819689;0;3;6444;2025-10-01;2025-10-01;2079-06-06
1645016927;174991775;689819689;0;6;63235501000;2025-10-01;2025-10-01;2079-06-06
1645016929;174991775;689819689;0;8;64:45:030715:1234;2025-10-01;2025-10-01;2079-06-06
1645016931;174991775;689819689;0;13;636351010010000019620187000000000;2025-10-01;2025-10-01;2079-06-06
1645016952;174991778;689819693;0;1;6432;2025-10-01;2025-10-01;2079-06-06
1645016954;174991778;689819693;0;3;6444;2025-10-01;2025-10-01;2079-06-06
1645016956;174991778;689819693;0;6;63235501000;2025-10-01;2025-10-01;2079-06-06
1645016958;174991778;689819693;0;8;64:45:050103:142;2025-10-01;2025-10-01;2079-06-06
1645016960;174991778;689819693;0;13;636351010010000019620188000000000;2025-10-01;2025-10-01;2079-06-06
1645016994;174991782;689819699;0;1;6432;2025-10-01;2025-10-01;2079-06-06
1645016996;174991782;689819699;0;3;6444;2025-10-01;2025-10-01;2079-06-06
1645016998;174991782;689819699;0;6;63235501000;2025-10-01;2025-10-01;2079-06-06
1645017000;174991782;689819699;0;8;64:45:030126:303;2025-10-01;2025-10-01;2079-06-06
1645017002;174991782;689819699;0;13;636351010010000011920206000000000;2025-10-01;2025-10-01;2079-06-06
1645017024;84332050;689819706;0;8;64:45:020440:367;2025-10-01;2025-10-01;2079-06-06
1645017050;174991788;689819710;0;2;6432;2025-10-01;2025-10-01;2079-06-06
1645017052;174991788;689819710;0;4;6444;2025-10-01;2025-10-01;2079-06-06
1645017054;174991788;689819710;0;7;63635101001;2025-10-01;2025-10-01;2079-06-06
1645017056;174991788;689819710;0;15;92;2025-10-01;2025-10-01;2079-06-06
1645017058;174991788;689819710;0;21;63635101;2025-10-01;2025-10-01;2079-06-06
1645017280;174991816;689819747;0;1;6432;2025-10-01;2025-10-01;2079-06-06
1645017282;174991816;689819747;0;3;6444;2025-10-01;2025-10-01;2079-06-06
1645017284;174991816;689819747;0;6;63235501000;2025-10-01;2025-10-01;2079-06-06
1645017286;174991816;689819747;0;8;64:45:030311:29;2025-10-01;2025-10-01;2079-06-06
1645017288;174991816;689819747;0;13;636351010010000021920065000000000;2025-10-01;2025-10-01;2079-06-06
1645017158;174991802;689819726;0;1;6432;2025-10-01;2025-10-01;2079-06-06
1645017160;174991802;689819726;0;3;6444;2025-10-01;2025-10-01;2079-06-06
1645017162;174991802;689819726;0;6;63235501000;2025-10-01;2025-10-01;2079-06-06
1645017164;174991802;689819726;0;8;64:45:050111:451;2025-10-01;2025-10-01;2079-06-06
1645017166;174991802;689819726;0;13;636351010010000019620189000000000;2025-10-01;2025-10-01;2079-06-06
1645017168;174991803;689819727;0;1;6432;2025-10-01;2025-10-01;2079-06-06
1645017170;174991803;689819727;0;3;6444;2025-10-01;2025-10-01;2079-06-06
1645017172;174991803;689819727;0;6;63235501000;2025-10-01;2025-10-01;2079-06-06
1645017174;174991803;689819727;0;8;64:45:000000:5661;2025-10-01;2025-10-01;2079-06-06
1645017176;174991803;689819727;0;13;636351010010000019620190000000000;2025-10-01;2025-10-01;2079-06-06
1645017226;174991809;689819736;0;1;6432;2025-10-01;2025-10-01;2079-06-06
1645017228;174991809;689819736;0;3;6444;2025-10-01;2025-10-01;2079-06-06
1645017230;174991809;689819736;0;6;63235501000;2025-10-01;2025-10-01;2079-06-06
1645017232;174991809;689819736;0;8;64:45:030131:55;2025-10-01;2025-10-01;2079-06-06
1645017234;174991809;689819736;0;13;636351010010000010820349000000000;2025-10-01;2025-10-01;2079-06-06
1645020172;174992172;689820230;0;1;6439;2025-10-01;2025-10-01;2079-06-06
1645020174;174992172;689820230;0;6;63230000260;2025-10-01;2025-10-01;2079-06-06
1645020176;174992172;689820230;0;8;64:22:052501:879;2025-10-01;2025-10-01;2079-06-06
1645020179;174992172;689820230;0;13;636304151010000000420029000000000;2025-10-01;2025-10-01;2079-06-06
1645020341;33881533;689820284;0;8;64:17:040101:692;2025-10-01;2025-10-01;2079-06-06
1645020404;174992197;689820336;0;2;6432;2025-10-01;2025-10-01;2079-06-06
1645020406;174992197;689820336;0;4;6444;2025-10-01;2025-10-01;2079-06-06
1645020408;174992197;689820336;0;7;63609410131;2025-10-01;2025-10-01;2079-06-06
1645020410;174992197;689820336;0;15;18;2025-10-01;2025-10-01;2079-06-06
1645020412;174992197;689820336;0;21;63609410;2025-10-01;2025-10-01;2079-06-06
1645020914;32327314;689821303;0;8;64:34:200213:776;2025-10-01;2025-10-01;2079-06-06
1645021003;58990645;689821353;0;8;64:42:030601:362;2025-10-01;2025-10-01;2079-06-06
1645021143;20391757;689821524;0;8;64:06:110301:672;2025-10-01;2025-10-01;2079-06-06
1645021291;174992378;689821560;0;2;6432;2025-10-01;2025-10-01;2079-06-06
1645021293;174992378;689821560;0;4;6415;2025-10-01;2025-10-01;2079-06-06
1645021295;174992378;689821560;0;7;63621459101;2025-10-01;2025-10-01;2079-06-06
1645021297;174992378;689821560;0;15;80;2025-10-01;2025-10-01;2079-06-06
1645021299;174992378;689821560;0;21;63621459;2025-10-01;2025-10-01;2079-06-06
1645021358;174992384;689821592;0;1;6432;2025-10-01;2025-10-01;2079-06-06
1645021360;174992384;689821592;0;3;6415;2025-10-01;2025-10-01;2079-06-06
1645021362;174992384;689821592;0;6;63221000165;2025-10-01;2025-10-01;2079-06-06
1645021364;174992384;689821592;0;8;64:15:131101:712;2025-10-01;2025-10-01;2079-06-06
1645021367;174992384;689821592;0;13;636214591170000000230179000000000;2025-10-01;2025-10-01;2079-06-06
1348881914;41080043;478107302;689821633;8;64:41:410630:36;2025-10-01;2022-11-23;2025-10-01
1614975987;82954404;647307059;689821667;8;64:50:010505:2828;2025-10-01;2025-06-05;2025-10-01
1645021565;82954404;689821667;0;13;636501010010000037720358000000010;2025-10-01;2025-10-01;2079-06-06
1645021619;10329054;689821732;0;8;64:50:010215:603;2025-10-01;2025-10-01;2079-06-06
1645021845;54116516;689821793;0;8;64:41:411307:355;2025-10-01;2025-10-01;2079-06-06
1645022105;174992465;689821906;0;2;6432;2025-10-01;2025-10-01;2079-06-06
1645022107;174992465;689821906;0;4;6438;2025-10-01;2025-10-01;2079-06-06
1645022109;174992465;689821906;0;7;63625151051;2025-10-01;2025-10-01;2079-06-06
1645022111;174992465;689821906;0;13;636251510510000002620085000000000;2025-10-01;2025-10-01;2079-06-06
1645022428;174992498;689822095;0;1;6432;2025-10-01;2025-10-01;2079-06-06
1645022430;174992498;689822095;0;6;63235000000;2025-10-01;2025-10-01;2079-06-06
1645022432;174992498;689822095;0;8;64:45:020213:44;2025-10-01;2025-10-01;2079-06-06
1645022434;174992498;689822095;0;13;636354600000003000020004000000000;2025-10-01;2025-10-01;2079-06-06
1645022734;76495683;689822279;0;20;09.07.2025;2025-10-01;2025-10-01;2079-06-06
1645023134;174992607;689822423;0;1;6432;2025-10-01;2025-10-01;2079-06-06
1645023136;174992607;689822423;0;6;63246551000;2025-10-01;2025-10-01;2079-06-06
1645023138;174992607;689822423;0;8;64:34:200213:3323;2025-10-01;2025-10-01;2079-06-06
1645023140;174992607;689822423;0;13;636461510510000006430260000000000;2025-10-01;2025-10-01;2079-06-06
1645023045;174992590;689822400;0;1;6432;2025-10-01;2025-10-01;2079-06-06
1645023047;174992590;689822400;0;6;63246551000;2025-10-01;2025-10-01;2079-06-06
1645023049;174992590;689822400;0;8;64:34:200457:54;2025-10-01;2025-10-01;2079-06-06
1645023051;174992590;689822400;0;13;636461510510000001020116000000000;2025-10-01;2025-10-01;2079-06-06
1645023166;174992611;689822428;0;1;6432;2025-10-01;2025-10-01;2079-06-06
1645023168;174992611;689822428;0;6;63246551000;2025-10-01;2025-10-01;2079-06-06
1645023170;174992611;689822428;0;8;64:34:200213:1334;2025-10-01;2025-10-01;2079-06-06
1645023172;174992611;689822428;0;13;636461510510000004820024000000000;2025-10-01;2025-10-01;2079-06-06
1645023271;174992620;689824777;0;1;6432;2025-10-01;2025-10-01;2079-06-06
1645023273;174992620;689824777;0;6;63246551000;2025-10-01;2025-10-01;2079-06-06
1645023275;174992620;689824777;0;8;64:34:200213:1018;2025-10-01;2025-10-01;2079-06-06
1645023277;174992620;689824777;0;13;636461510510000002430235000000000;2025-10-01;2025-10-01;2079-06-06
1645023283;174992621;689824781;0;1;6432;2025-10-01;2025-10-01;2079-06-06
1645023285;174992621;689824781;0;6;63246551000;2025-10-01;2025-10-01;2079-06-06
1645023287;174992621;689824781;0;8;64:34:200213:3442;2025-10-01;2025-10-01;2079-06-06
1645023289;174992621;689824781;0;13;636461510510000001430331000000000;2025-10-01;2025-10-01;2079-06-06
1645023438;174992639;689824803;0;1;6432;2025-10-01;2025-10-01;2079-06-06
1645023440;174992639;689824803;0;6;63246551000;2025-10-01;2025-10-01;2079-06-06
1645023442;174992639;689824803;0;8;64:34:200474:17;2025-10-01;2025-10-01;2079-06-06
1645023444;174992639;689824803;0;13;636461510510000002730181000000000;2025-10-01;2025-10-01;2079-06-06
1645023466;174992642;689824810;0;1;6432;2025-10-01;2025-10-01;2079-06-06
1645023468;174992642;689824810;0;6;63246551000;2025-10-01;2025-10-01;2079-06-06
1645023470;174992642;689824810;0;8;64:34:200213:1550;2025-10-01;2025-10-01;2079-06-06
1645023472;174992642;689824810;0;13;636461510510000006230174000000000;2025-10-01;2025-10-01;2079-06-06
1645023483;174992644;689824813;0;1;6432;2025-10-01;2025-10-01;2079-06-06
1645023485;174992644;689824813;0;6;63246551000;2025-10-01;2025-10-01;2079-06-06
1645023487;174992644;689824813;0;8;64:34:200213:2484;2025-10-01;2025-10-01;2079-06-06
1645023489;174992644;689824813;0;13;636461510510000006230175000000000;2025-10-01;2025-10-01;2079-06-06
1645023512;174992647;689824819;0;1;6432;2025-10-01;2025-10-01;2079-06-06
1645023514;174992647;689824819;0;6;63246551000;2025-10-01;2025-10-01;2079-06-06
1645023516;174992647;689824819;0;8;64:34:200213:3263;2025-10-01;2025-10-01;2079-06-06
1645023518;174992647;689824819;0;13;636461510510000006230176000000000;2025-10-01;2025-10-01;2079-06-06
1645023565;174992654;689824827;0;1;6432;2025-10-01;2025-10-01;2079-06-06
1645023567;174992654;689824827;0;6;63246551000;2025-10-01;2025-10-01;2079-06-06
1645023569;174992654;689824827;0;8;64:34:200213:1438;2025-10-01;2025-10-01;2079-06-06
1645023571;174992654;689824827;0;13;636461510510000006230177000000000;2025-10-01;2025-10-01;2079-06-06
1645023599;174992656;689824839;0;1;6432;2025-10-01;2025-10-01;2079-06-06
1645023601;174992656;689824839;0;6;63246551000;2025-10-01;2025-10-01;2079-06-06
1645023603;174992656;689824839;0;8;64:34:000000:2793;2025-10-01;2025-10-01;2079-06-06
1645023605;174992656;689824839;0;13;636461510510000003220124000000000;2025-10-01;2025-10-01;2079-06-06
